0 -24.399085
1 -24.319285
2 -24.239885
3 -24.160885
4 -24.082285
5 -24.004085
6 -23.926285
7 -23.848885
8 -23.771885
9 -23.695285
10 -23.619085
11 -23.543285
12 -23.467885
13 -23.392885
14 -23.318285
15 -23.244085
16 -23.170285
17 -23.096885
18 -23.023885
19 -22.951285
20 -22.879085
21 -22.807285
22 -22.735885
23 -22.664885
24 -22.594285
25 -22.524085
26 -22.454285
27 -22.384885
28 -22.315885
29 -22.247285
30 -22.179085
31 -22.111285
32 -22.043885
33 -21.976885
34 -21.910285
35 -21.844085
36 -21.778285
37 -21.712885
38 -21.647885
39 -21.583285
40 -21.519085
41 -21.455285
42 -21.391885
43 -21.328885
44 -21.266285
45 -21.204085
46 -21.142285
47 -21.080885
48 -21.019885
49 -20.959285
50 -20.899085
51 -20.839285
52 -20.779885
53 -20.720885
54 -20.662285
55 -20.604085
56 -20.546285
57 -20.488885
58 -20.431885
59 -20.375285
60 -20.319085
61 -20.263285
62 -20.207885
63 -20.152885
64 -20.098285
65 -20.044085
66 -19.990285
67 -19.936885
68 -19.883885
69 -19.831285
70 -19.779085
71 -19.727285
72 -19.675885
73 -19.624885
74 -19.574285
75 -19.524085
76 -19.474285
77 -19.424885
78 -19.375885
79 -19.327285
80 -19.279085
81 -19.231285
82 -19.183885
83 -19.136885
84 -19.090285
85 -19.044085
86 -18.998285
87 -18.952885
88 -18.907885
89 -18.863285
90 -18.819085
91 -18.775285
92 -18.731885
93 -18.688885
94 -18.646285
95 -18.604085
96 -18.562285
97 -18.520885
98 -18.479885
99 -18.439285
100 -18.399085
101 -18.339370
102 -18.273478
103 -18.201414
104 -18.119767
105 -18.042440
106 -17.956445
107 -17.876295
108 -17.780990
109 -17.699693
110 -17.623897
111 -17.531532
112 -17.434809
113 -17.332361
114 -17.242778
115 -17.149643
116 -17.045164
117 -16.949021
118 -16.838612
119 -16.725380
120 -16.607290
121 -16.491034
122 -16.382882
123 -16.275114
124 -16.163471
125 -16.049051
126 -15.921084
127 -15.794818
128 -15.660357
129 -15.530143
130 -15.398459
131 -15.260819
132 -15.118706
133 -14.970882
134 -14.823162
135 -14.671595
136 -14.520222
137 -14.357914
138 -14.201595
139 -14.045179
140 -13.889714
141 -13.728695
142 -13.569965
143 -13.407898
144 -13.243372
145 -13.071594
146 -12.900044
147 -12.733904
148 -12.553605
149 -12.375501
150 -12.195372
151 -12.014183
152 -11.827563
153 -11.632173
154 -11.442424
155 -11.248295
156 -11.043707
157 -10.848170
158 -10.641692
159 -10.429546
160 -10.225855
161 -10.018579
162 -9.805593
163 -9.583358
164 -9.362050
165 -9.134987
166 -8.909172
167 -8.685882
168 -8.463989
169 -8.233639
170 -8.004663
171 -7.771736
172 -7.541610
173 -7.301976
174 -7.059144
175 -6.817240
176 -6.568063
177 -6.312784
178 -6.054646
179 -5.796768
180 -5.532453
181 -5.265454
182 -5.000974
183 -4.729221
184 -4.457522
185 -4.182170
186 -3.905816
187 -3.619779
188 -3.333383
189 -3.049687
190 -2.763994
191 -2.481048
192 -2.192214
193 -1.905714
194 -1.615470
195 -1.327266
196 -1.049578
197 -0.768926
198 -0.498441
199 -0.241882
200 0.000000
201 0.220443
202 0.421196
203 0.594336
204 0.734869
205 0.842344
206 0.928300
207 0.983749
208 1.022645
209 1.038104
210 1.042271
211 1.033990
212 1.015824
213 0.992394
214 0.961290
215 0.925796
216 0.886978
217 0.843609
218 0.797434
219 0.746822
220 0.691539
221 0.633830
222 0.572297
223 0.508756
224 0.442214
225 0.375413
226 0.306308
227 0.236737
228 0.163752
229 0.088576
230 0.011888
231 -0.067333
232 -0.148666
233 -0.231941
234 -0.316627
235 -0.403854
236 -0.492481
237 -0.583507
238 -0.676575
239 -0.770869
240 -0.867829
241 -0.965812
242 -1.066780
243 -1.166624
244 -1.271413
245 -1.377631
246 -1.485007
247 -1.594133
248 -1.704129
249 -1.816027
250 -1.929460
251 -2.046536
252 -2.163987
253 -2.283012
254 -2.402714
255 -2.523336
256 -2.645261
257 -2.769182
258 -2.893329
259 -3.019011
260 -3.145704
261 -3.275620
262 -3.405435
263 -3.537184
264 -3.667863
265 -3.801084
266 -3.937227
267 -4.071579
268 -4.207943
269 -4.347307
270 -4.487650
271 -4.628290
272 -4.771905
273 -4.916902
274 -5.060000
275 -5.206010
276 -5.352364
277 -5.500463
278 -5.650375
279 -5.796208
280 -5.946541
281 -6.095855
282 -6.246744
283 -6.398028
284 -6.551917
285 -6.705717
286 -6.860062
287 -7.016137
288 -7.174594
289 -7.333318
290 -7.492651
291 -7.652827
292 -7.814165
293 -7.976901
294 -8.139326
295 -8.302459
296 -8.462896
297 -8.628229
298 -8.792110
299 -8.955139
300 -9.123260
301 -9.290265
302 -9.457384
303 -9.624918
304 -9.793563
305 -9.963387
306 -10.133305
307 -10.306376
308 -10.482730
309 -10.662201
310 -10.841491
311 -11.023273
312 -11.202492
313 -11.379624
314 -11.555236
315 -11.732643
316 -11.911913
317 -12.087455
318 -12.264467
319 -12.440793
320 -12.622949
321 -12.798112
322 -12.977680
323 -13.156564
324 -13.340156
325 -13.521968
326 -13.702660
327 -13.890901
328 -14.073300
329 -14.262373
330 -14.452212
331 -14.634993
332 -14.820155
333 -15.008491
334 -15.200974
335 -15.385812
336 -15.584546
337 -15.773779
338 -15.964142
339 -16.156744
340 -16.345279
341 -16.541513
342 -16.734167
343 -16.919861
344 -17.123807
345 -17.326001
346 -17.522412
347 -17.713463
348 -17.905029
349 -18.089929
350 -18.277143
351 -18.454830
352 -18.635741
353 -18.829037
354 -19.015015
355 -19.184676
356 -19.371669
357 -19.554148
358 -19.737230
359 -19.927315
360 -20.117681
361 -20.298394
362 -20.474169
363 -20.670796
364 -20.864467
365 -21.033729
366 -21.216869
367 -21.408782
368 -21.593433
369 -21.769368
370 -21.925298
371 -22.108229
372 -22.273975
373 -22.438052
374 -22.608003
375 -22.754913
376 -22.903662
377 -23.077627
378 -23.230456
379 -23.375028
380 -23.521997
381 -23.691040
382 -23.845150
383 -23.968706
384 -24.126095
385 -24.316702
386 -24.537705
387 -24.750804
388 -24.959248
389 -25.184456
390 -25.381992
391 -25.576798
392 -25.763490
393 -25.939911
394 -26.134826
395 -26.258985
396 -26.415430
397 -26.556356
398 -26.659268
399 -26.753284
400 -26.885317
401 -26.965517
402 -27.046117
403 -27.127117
404 -27.208517
405 -27.290317
406 -27.372517
407 -27.455117
408 -27.538117
409 -27.621517
410 -27.705317
411 -27.789517
412 -27.874117
413 -27.959117
414 -28.044517
415 -28.130317
416 -28.216517
417 -28.303117
418 -28.390117
419 -28.477517
420 -28.565317
421 -28.653517
422 -28.742117
423 -28.831117
424 -28.920517
425 -29.010317
426 -29.100517
427 -29.191117
428 -29.282117
429 -29.373517
430 -29.465317
431 -29.557517
432 -29.650117
433 -29.743117
434 -29.836517
435 -29.930317
436 -30.024517
437 -30.119117
438 -30.214117
439 -30.309517
440 -30.405317
441 -30.501517
442 -30.598117
443 -30.695117
444 -30.792517
445 -30.890317
446 -30.988517
447 -31.087117
448 -31.186117
449 -31.285517
450 -31.385317
451 -31.485517
452 -31.586117
453 -31.687117
454 -31.788517
455 -31.890317
456 -31.992517
457 -32.095117
458 -32.198117
459 -32.301517
460 -32.405317
461 -32.509517
462 -32.614117
463 -32.719117
464 -32.824517
465 -32.930317
466 -33.036517
467 -33.143117
468 -33.250117
469 -33.357517
470 -33.465317
471 -33.573517
472 -33.682117
473 -33.791117
474 -33.900517
475 -34.010317
476 -34.120517
477 -34.231117
478 -34.342117
479 -34.453517
480 -34.565317
481 -34.677517
482 -34.790117
483 -34.903117
484 -35.016517
485 -35.130317
486 -35.244517
487 -35.359117
488 -35.474117
489 -35.589517
490 -35.705317
491 -35.821517
492 -35.938117
493 -36.055117
494 -36.172517
495 -36.290317
496 -36.408517
497 -36.527117
498 -36.646117
499 -36.765517
500 -36.885317
501 -37.005517
502 -37.126117
503 -37.247117
504 -37.368517
505 -37.490317
506 -37.612517
507 -37.735117
508 -37.858117
509 -37.981517
510 -38.105317
511 -38.229517
512 -38.354117
513 -38.479117
514 -38.604517
515 -38.730317
516 -38.856517
517 -38.983117
518 -39.110117
519 -39.237517
520 -39.365317
521 -39.493517
522 -39.622117
523 -39.751117
524 -39.880517
525 -40.010317
526 -40.140517
527 -40.271117
528 -40.402117
529 -40.533517
530 -40.665317
531 -40.797517
532 -40.930117
533 -41.063117
534 -41.196517
535 -41.330317
536 -41.464517
537 -41.599117
538 -41.734117
539 -41.869517
540 -42.005317
541 -42.141517
542 -42.278117
543 -42.415117
544 -42.552517
545 -42.690317
546 -42.828517
547 -42.967117
548 -43.106117
549 -43.245517
550 -43.385317
551 -43.525517
552 -43.666117
553 -43.807117
554 -43.948517
555 -44.090317
556 -44.232517
557 -44.375117
558 -44.518117
559 -44.661517
560 -44.805317
561 -44.949517
562 -45.094117
563 -45.239117
564 -45.384517
565 -45.530317
566 -45.676517
567 -45.823117
568 -45.970117
569 -46.117517
570 -46.265317
571 -46.413517
572 -46.562117
573 -46.711117
574 -46.860517
575 -47.010317
576 -47.160517
577 -47.311117
578 -47.462117
579 -47.613517
580 -47.765317
581 -47.917517
582 -48.070117
583 -48.223117
584 -48.376517
585 -48.530317
586 -48.684517
587 -48.839117
588 -48.994117
589 -49.149517
590 -49.305317
591 -49.461517
592 -49.618117
593 -49.775117
594 -49.932517
595 -50.090317
596 -50.248517
597 -50.407117
598 -50.566117
599 -50.725517
