-1857.806950 -4648.265093 1878.897729 -1378.311213 1192.853027 -49.079198 805.937932 235.887825 -4415.858912 1082.822171 4713.499588 2194.911616 -3446.393942 -4887.454573 -1819.948167 8487.338876 -961.892440 9415.371144 4447.329638 2067.769471 -106.254392 -584.637634 -2589.361342 -1583.706565 4367.663181 1533.278106 503.182971 6489.086278 -1238.491617 -1878.457037 -2841.167577 1363.035367 803.995295 967.871861 6536.500837 -3289.611145 2656.517403 2457.669277 2050.091451 
-1858.370592 -4647.920878 1879.648611 -1377.381980 1192.685031 -48.750103 805.081510 235.992886 -4415.353439 1082.053699 4713.954281 2194.461389 -3445.893066 -4886.681724 -1819.558516 8487.437219 -961.691285 9416.345755 4446.466552 2067.642130 -106.743133 -584.347374 -2588.665983 -1584.364004 4368.147683 1532.485670 503.553514 6489.301739 -1237.516173 -1878.502708 -2841.195153 1363.840262 804.588071 968.275761 6537.315970 -3289.195906 2656.154218 2457.533267 2051.013187 
-1857.909186 -4647.396518 1880.364258 -1376.679688 1192.118490 -49.181168 805.334043 235.094446 -4415.712649 1082.186361 4713.565942 2193.549471 -3446.245206 -4885.756261 -1819.418822 8486.865707 -962.468165 9416.081496 4447.034088 2068.350842 -107.162215 -584.478046 -2587.858576 -1583.788663 4368.779087 1532.104280 502.878332 6488.418131 -1237.186066 -1878.834773 -2840.337756 1363.630053 804.118302 967.491245 6537.560620 -3288.626097 2657.134710 2457.567950 2051.206661 
-1857.314560 -4647.223393 1881.149400 -1376.170024 1192.962951 -49.345876 805.395549 235.248779 -4414.726546 1083.073344 4713.787813 2193.954483 -3446.785076 -4886.404441 -1818.881791 8486.927941 -962.999452 9416.926399 4446.650423 2068.517132 -106.253839 -584.869458 -2587.031515 -1583.385219 4367.953912 1531.595503 503.123756 6488.293390 -1236.701020 -1879.700319 -2840.311874 1364.135165 804.980968 966.669419 6537.004251 -3288.748800 2657.700182 2458.334749 2050.902916 
-1856.731119 -4648.007476 1881.361084 -1375.733018 1192.077995 -49.506743 805.682250 234.521415 -4414.103052 1083.049608 4713.030686 2193.301646 -3447.676226 -4886.284020 -1818.444356 8486.540583 -962.697945 9417.797632 4446.704740 2067.906236 -105.463994 -585.755849 -2586.584888 -1583.263416 4367.141974 1531.241105 503.587608 6487.517894 -1236.725856 -1879.069455 -2840.366962 1363.941089 805.960407 966.244290 6536.957435 -3289.652721 2657.705254 2458.064392 2051.865662 
-1856.694162 -4648.783273 1880.731185 -1375.394919 1191.526034 -50.268995 804.837678 234.646195 -4413.582352 1083.116366 4712.479159 2194.133127 -3448.179613 -4887.113609 -1818.685984 8486.232082 -963.646868 9417.731505 4446.566422 2068.821463 -105.085541 -585.971660 -2586.311618 -1582.326000 4367.234462 1530.410634 503.038278 6487.540766 -1237.723586 -1879.006114 -2840.688860 1363.136875 806.460027 967.193469 6537.263351 -3289.578731 2658.671805 2458.027093 2052.119410 
-1856.331359 -4647.904004 1880.422542 -1374.729320 1192.047107 -49.734709 804.118878 234.022084 -4413.888641 1083.836246 4713.137248 2193.912466 -3448.909580 -4886.715586 -1818.130353 8486.400514 -963.810314 9418.703572 4445.816977 2068.873841 -105.745533 -586.949315 -2586.361281 -1582.530262 4367.599472 1529.509468 502.804465 6487.724329 -1238.288611 -1878.201719 -2840.333355 1363.000554 805.535348 967.452876 6536.888592 -3290.468823 2659.320978 2458.142383 2052.871263 
-1856.318354 -4647.110660 1881.031177 -1374.217101 1192.609012 -49.085175 805.075924 233.737033 -4413.941644 1083.938255 4712.549229 2193.110076 -3449.007586 -4886.753861 -1819.124803 8485.913098 -962.937153 9418.699738 4445.125428 2069.123982 -106.423167 -586.397538 -2585.637884 -1582.945278 4367.765219 1529.870739 503.722077 6487.940277 -1238.875361 -1877.421276 -2840.597737 1362.116059 805.150938 967.150359 6536.229579 -3291.157434 2658.576712 2458.622438 2053.335607 
-1855.863733 -4647.640166 1881.747378 -1373.818385 1191.809143 -48.636583 804.990766 233.354439 -4413.021660 1084.502069 4712.902712 2192.363643 -3449.916909 -4887.078564 -1818.864610 8486.436759 -962.771920 9419.535488 4444.516423 2069.902147 -106.269630 -586.311660 -2584.669169 -1582.712435 4367.239705 1529.020562 503.689903 6487.034249 -1239.014692 -1877.820900 -2841.336850 1361.570166 804.756334 967.175505 6536.841159 -3291.948217 2659.106077 2458.434523 2054.162928 
-1855.813810 -4648.440981 1881.150551 -1373.126766 1192.171319 -48.011690 805.845735 233.429790 -4412.508484 1084.899284 4712.697101 2191.469247 -3449.732925 -4887.036522 -1819.846640 8486.970130 -962.556342 9418.717539 4444.631792 2069.217777 -105.549680 -586.041512 -2584.950279 -1583.633303 4366.636598 1528.610311 504.373976 6487.253090 -1239.003969 -1878.796602 -2840.766646 1362.103730 804.131694 966.283107 6537.174340 -3292.252546 2659.721940 2457.944777 2054.780068 
-1855.452253 -4647.567759 1880.823810 -1372.744504 1193.089418 -47.906954 805.612972 234.141018 -4413.171790 1085.300328 4713.612916 2191.448116 -3448.830554 -4886.733118 -1820.152699 8487.534055 -961.731230 9418.683219 4445.409142 2069.821606 -105.726083 -585.970478 -2583.979846 -1583.402622 4366.767077 1528.502722 505.359572 6486.459949 -1239.595211 -1878.942753 -2840.208957 1361.716721 803.397387 966.465796 6536.191602 -3292.223372 2660.632095 2457.567670 2054.608580 
-1854.596176 -4647.229250 1881.214380 -1372.465778 1192.863502 -48.840374 806.479003 234.205645 -4412.675993 1084.758531 4714.123428 2192.115824 -3447.921336 -4886.479742 -1820.483037 8487.024740 -961.950005 9419.515526 4446.377323 2069.760482 -105.483413 -585.624538 -2583.614716 -1584.266917 4367.629208 1529.002691 505.441792 6486.021156 -1238.865786 -1879.467538 -2841.010170 1361.326285 802.943936 966.171970 6535.550201 -3292.932083 2660.266427 2456.935168 2053.925772 
-1854.960212 -4648.096494 1881.554036 -1371.967200 1192.192973 -49.389747 806.770360 233.311708 -4413.016560 1084.219963 4713.478232 2191.573913 -3448.091747 -4886.455755 -1819.497956 8486.175657 -961.964154 9418.987457 4445.713929 2069.364612 -104.848437 -584.843299 -2583.325941 -1584.820339 4367.636396 1528.560235 504.545031 6486.849168 -1238.305140 -1879.459057 -2840.211825 1360.737149 803.068696 966.243962 6534.590017 -3292.662151 2661.237384 2456.786974 2053.737943 
-1854.988071 -4647.293942 1882.149967 -1371.466295 1191.520927 -49.935136 807.353842 234.108648 -4413.172879 1084.413622 4714.049852 2190.776576 -3448.011644 -4885.582867 -1819.979258 8486.752847 -961.147835 9418.965694 4444.863307 2069.889184 -104.812831 -584.912207 -2584.294379 -1584.580798 4368.630485 1528.485148 504.623445 6486.915662 -1239.235819 -1879.818802 -2840.134760 1361.495491 802.421411 967.038106 6533.991259 -3292.766199 2661.768911 2456.830838 2054.583849 
-1854.509731 -4647.832544 1882.843579 -1371.553718 1191.396696 -48.946741 807.087012 235.005967 -4412.821283 1083.688396 4713.504389 2190.356438 -3447.801572 -4885.552280 -1820.956465 8486.838122 -960.552053 9419.764300 4445.733673 2070.367228 -104.930883 -585.804692 -2584.731921 -1584.690469 4369.529710 1528.730755 504.985484 6487.790837 -1239.614381 -1880.120066 -2839.306420 1361.473770 802.981216 967.327576 6533.134178 -3293.192365 2661.530030 2457.690736 2054.132725 
-1855.362212 -4647.369655 1883.086498 -1371.080714 1190.706577 -49.494466 807.674903 235.800989 -4412.970695 1084.581984 4713.489614 2189.907794 -3448.230144 -4884.886982 -1821.567779 8487.627610 -961.101335 9419.490444 4445.752855 2071.349182 -105.119030 -585.356917 -2585.459718 -1584.171038 4370.131780 1529.158698 504.311410 6488.614640 -1239.730317 -1879.565171 -2838.863000 1361.300062 803.860536 967.559696 6533.418353 -3294.122615 2661.017313 2458.504679 2053.859561 
-1856.218969 -4647.695099 1882.686431 -1371.066743 1189.824062 -49.964543 807.571334 236.100489 -4412.022237 1083.763323 4713.409584 2189.339121 -3448.490690 -4885.850765 -1821.624688 8488.249566 -960.318734 9419.463831 4445.164876 2071.821765 -104.462565 -585.418888 -2585.634379 -1583.188362 4370.252177 1529.552912 503.400312 6488.783187 -1240.559823 -1880.097628 -2838.574436 1360.966361 804.757962 966.581283 6533.617804 -3294.068514 2660.689755 2459.054356 2054.628041 
-1855.377001 -4648.190768 1882.473352 -1370.770828 1189.829991 -49.009348 807.029585 236.109500 -4411.181745 1084.272458 4713.069940 2188.548284 -3448.739670 -4885.860668 -1820.656230 8488.574227 -960.445608 9418.526549 4444.609423 2071.032277 -104.201448 -585.324200 -2584.667984 -1582.949374 4371.009877 1530.161211 503.636668 6488.799453 -1240.979998 -1881.004925 -2839.342339 1360.522890 804.295730 965.936443 6534.346149 -3293.836792 2659.989160 2459.084481 2053.915117 
-1856.243815 -4648.512786 1882.092646 -1371.481656 1189.190651 -49.302551 806.570216 235.246231 -4411.390900 1084.267485 4713.534239 2187.662619 -3449.421509 -4886.140021 -1821.332291 8488.203156 -961.256512 9418.074066 4444.486319 2070.776092 -105.160205 -584.638571 -2585.106470 -1583.530444 4371.049761 1530.269733 502.643374 6488.608023 -1241.960523 -1881.048814 -2840.004438 1359.970746 803.789013 965.065696 6534.836364 -3293.798201 2659.830120 2459.578482 2054.769910 
-1856.212188 -4649.304909 1881.483105 -1371.231814 1188.240178 -49.487426 806.220023 235.119303 -4412.318938 1084.772506 4714.346595 2187.371018 -3448.662980 -4886.764327 -1821.145540 8487.261976 -960.923783 9418.132978 4445.028511 2070.746978 -105.999955 -584.467356 -2584.129446 -1583.657369 4370.076396 1530.071654 502.527943 6488.008423 -1242.135569 -1881.829736 -2840.338185 1360.870304 804.070808 964.324030 6535.227669 -3293.253396 2659.131898 2460.112801 2054.293476 
-1857.153078 -4648.999923 1881.630449 -1371.775013 1188.463179 -48.677978 805.707932 234.310313 -4412.030328 1084.143800 4713.918098 2186.722081 -3449.568916 -4887.053334 -1820.836096 8487.368353 -960.313915 9418.918309 4446.019623 2070.632084 -105.932897 -584.280589 -2583.200069 -1583.975765 4370.105004 1529.113234 502.244019 6487.084037 -1241.823324 -1881.610616 -2840.956697 1360.276447 803.556242 965.213829 6535.683996 -3293.258300 2658.819787 2459.781265 2055.183796 
-1857.841825 -4648.276942 1881.576358 -1371.787333 1188.920758 -47.788895 804.830665 234.280540 -4412.509407 1083.376967 4713.415715 2187.121554 -3450.459317 -4887.349626 -1820.490558 8486.503787 -960.330506 9418.416065 4445.938369 2071.611446 -106.117960 -583.912660 -2582.851727 -1584.837906 4369.214085 1529.544134 502.387501 6487.567932 -1241.800092 -1880.735798 -2841.731769 1360.635944 803.036603 964.710334 6535.646723 -3292.395106 2658.052326 2459.579317 2055.792253 
-1857.143848 -4648.099683 1882.270193 -1370.998411 1189.078904 -48.382690 805.332596 235.084289 -4412.828864 1082.576284 4712.932153 2187.475214 -3451.168958 -4887.585738 -1821.154380 8486.569136 -959.749355 9419.227232 4446.638026 2071.177755 -106.685757 -583.711455 -2581.923881 -1585.151942 4368.274345 1529.560461 502.046001 6487.887021 -1241.169464 -1881.443252 -2842.319421 1360.604905 802.228085 963.751989 6535.854221 -3292.591368 2658.455840 2459.261029 2056.650082 
-1857.180096 -4647.384985 1882.968686 -1370.342500 1189.360156 -47.682206 806.189435 234.948431 -4413.326227 1082.582451 4711.935999 2187.562615 -3451.272015 -4886.728897 -1820.649205 8486.548952 -959.678310 9420.224501 4445.684776 2070.914303 -106.833768 -583.155194 -2582.148487 -1585.952021 4368.309967 1528.801151 502.695754 6488.118302 -1241.279629 -1882.409881 -2842.472532 1361.329030 801.555627 963.844126 6536.309268 -3291.705680 2658.678272 2458.296657 2056.506862 
-1857.444242 -4648.315609 1883.221996 -1371.134162 1189.689238 -47.167446 805.450271 235.477642 -4413.742847 1083.388267 4711.405963 2187.298566 -3451.003115 -4885.766044 -1820.624576 8487.147978 -958.879322 9420.171712 4446.201362 2071.216671 -107.634838 -582.950139 -2582.580690 -1585.073867 4367.677010 1528.163084 503.134202 6487.576816 -1240.821215 -1883.114615 -2841.801560 1361.801811 800.984422 963.956957 6537.126246 -3291.140158 2658.447917 2458.238483 2057.478228 
-1858.407327 -4648.176541 1882.991505 -1371.170002 1190.683522 -47.066874 806.040757 236.271643 -4413.887374 1084.236077 4711.411881 2187.828833 -3450.367768 -4886.444009 -1820.994302 8487.643147 -958.164876 9420.666055 4447.105055 2070.794855 -107.561283 -583.281769 -2583.464656 -1585.403452 4368.216326 1528.781017 503.706302 6487.096151 -1240.045769 -1882.705172 -2841.551681 1362.045572 801.921514 962.983839 6537.131254 -3290.909907 2657.697592 2458.106873 2056.830392 
-1859.300257 -4648.385456 1883.390291 -1371.539113 1190.891671 -47.972651 806.685915 236.713918 -4413.264346 1084.207037 4710.417266 2187.928320 -3450.273668 -4887.287531 -1821.523089 8487.079823 -958.819196 9421.170566 4447.331580 2069.896978 -107.938780 -584.020515 -2583.832416 -1585.968258 4368.788243 1529.601235 503.718684 6486.646743 -1239.527723 -1881.977394 -2841.558251 1362.771842 801.234136 963.280708 6537.739363 -3291.646163 2657.458206 2457.944951 2057.787719 
-1859.248267 -4647.845270 1882.550352 -1372.164376 1190.689440 -47.218893 806.651443 236.325697 -4412.343425 1084.140790 4709.834824 2187.118152 -3449.359438 -4887.039178 -1821.843252 8487.319333 -959.590350 9421.760445 4447.644339 2070.085987 -107.007943 -583.965759 -2582.924310 -1586.383401 4369.461981 1528.923654 503.423792 6486.026464 -1238.855262 -1882.381188 -2842.462600 1362.431840 801.492110 963.345989 6538.727008 -3291.503706 2657.131010 2457.382428 2058.547002 
-1859.151586 -4647.073889 1881.921366 -1372.138275 1189.692513 -47.145035 805.969473 235.884013 -4412.926377 1083.339687 4710.369885 2187.386375 -3450.114623 -4886.405061 -1822.009359 8486.477381 -959.619252 9421.221668 4447.132267 2069.263959 -106.758837 -584.354476 -2582.473506 -1587.186941 4369.450630 1528.196330 504.109993 6486.571926 -1238.317939 -1883.024427 -2842.687730 1362.128526 800.566196 962.768165 6539.438780 -3291.104332 2658.115264 2457.387783 2058.370325 
-1858.331943 -4646.501024 1881.924778 -1372.506092 1190.094824 -47.983401 806.792594 235.739431 -4413.475529 1082.562251 4710.936606 2187.659174 -3450.752007 -4885.745873 -1821.610345 8485.628340 -959.643518 9420.693897 4447.727624 2069.042548 -107.531189 -584.355325 -2583.473275 -1587.165427 4368.719436 1527.908918 503.491325 6486.410359 -1237.418827 -1883.431235 -2842.949135 1363.047224 800.862273 961.806431 6539.383129 -3291.372607 2659.041036 2457.657175 2058.105043 
-1857.780728 -4646.484925 1882.758985 -1372.174536 1190.592476 -48.784908 807.647558 235.649060 -4413.986284 1082.574545 4711.501338 2188.484357 -3450.054775 -4885.458863 -1820.953464 8485.670320 -959.680518 9419.695464 4447.928165 2069.291342 -108.478757 -585.006732 -2583.022043 -1587.775393 4369.444252 1527.260797 503.724950 6487.321475 -1237.659456 -1883.096623 -2843.194135 1363.047260 801.831796 962.025475 6539.425879 -3290.397829 2659.994490 2457.402981 2058.267249 
-1858.505676 -4647.172975 1882.726805 -1372.762432 1191.245795 -48.307883 806.890898 236.150713 -4414.405583 1082.834073 4710.704235 2189.029583 -3449.151379 -4885.174120 -1821.274086 8486.237135 -958.857716 9419.654029 4446.946602 2069.101396 -108.500070 -585.292539 -2583.230728 -1586.840105 4369.505315 1526.262855 503.705346 6487.953095 -1238.423062 -1882.962597 -2843.215334 1363.047716 802.831571 962.082400 6538.489170 -3290.743279 2660.500002 2457.244963 2059.115475 
-1857.731392 -4647.300220 1882.106891 -1372.875469 1191.963649 -48.994838 806.858706 235.996477 -4415.393092 1082.735030 4709.720812 2188.877697 -3449.779547 -4884.499771 -1820.885937 8486.193939 -958.768329 9420.649089 4445.957118 2068.994340 -108.402804 -586.153312 -2582.816536 -1587.135933 4369.930608 1526.737022 504.476249 6488.906321 -1238.199374 -1883.165877 -2842.370076 1363.504621 803.108657 962.188191 6538.384864 -3289.754377 2661.457692 2457.143805 2058.846037 
-1856.747963 -4647.176133 1881.974717 -1373.324658 1191.086331 -49.163782 806.610618 236.897867 -4415.038200 1083.640392 4710.111954 2188.712388 -3448.880569 -4884.210691 -1821.214982 8485.322939 -958.830754 9420.161788 4446.497428 2069.111844 -107.569582 -586.294890 -2583.670075 -1586.634509 4370.350844 1526.851503 503.576085 6489.810139 -1238.259528 -1883.589546 -2842.838607 1363.863659 802.301458 962.898123 6537.747455 -3289.454865 2661.891890 2457.804590 2059.458275 
-1857.347485 -4646.405199 1881.759695 -1374.308587 1191.197640 -49.303403 807.502176 237.093191 -4414.629578 1083.412492 4710.955125 2188.225434 -3448.487412 -4884.870089 -1820.574184 8484.667991 -958.988259 9420.900866 4446.337362 2069.928117 -108.124630 -585.801777 -2584.158454 -1585.914561 4370.503254 1526.763319 502.591710 6489.978686 -1238.474104 -1882.627491 -2843.254681 1364.735468 802.042940 961.977002 6537.653948 -3289.076985 2662.312204 2457.906130 2058.556596 
-1857.958980 -4646.457821 1880.970198 -1375.306413 1191.141036 -49.337164 807.721364 236.557987 -4415.445368 1084.250226 4710.957767 2188.771506 -3449.119513 -4884.192742 -1820.197822 8485.403936 -958.352807 9421.134502 4446.538270 2070.035449 -107.150917 -585.222486 -2584.955588 -1586.084856 4369.527172 1526.762104 502.809108 6489.149167 -1238.143941 -1882.177058 -2842.450169 1364.442582 801.526241 961.455273 6537.753776 -3288.229735 2663.068822 2458.357810 2058.083823 
-1857.583483 -4646.381855 1880.046493 -1374.882029 1190.484077 -49.960304 808.418556 236.003793 -4414.990624 1084.641127 4710.037744 2188.798964 -3450.016692 -4884.502621 -1819.883107 8485.401437 -959.233825 9421.607578 4446.113307 2069.289924 -106.637499 -584.904593 -2584.057280 -1586.388151 4368.697159 1527.303924 502.676780 6488.335645 -1238.716736 -1882.076621 -2841.506896 1364.723070 801.348581 961.489626 6538.749123 -3288.319752 2662.426753 2457.944701 2057.438000 
-1856.924132 -4647.115863 1880.209249 -1374.280864 1189.907109 -50.513213 808.805179 235.163781 -4414.609963 1085.122934 4710.793353 2189.242718 -3450.714009 -4884.803186 -1820.533806 8486.194622 -958.630183 9421.688031 4445.500441 2069.952195 -107.068536 -584.467922 -2584.882616 -1586.746117 4368.609334 1526.684435 503.456857 6487.605902 -1238.171967 -1881.663460 -2841.699702 1364.344049 802.253661 962.339495 6538.718381 -3287.793655 2663.244053 2457.831363 2056.873045 
-1856.569836 -4646.233613 1879.899233 -1373.815431 1190.491358 -49.848363 809.072658 234.251085 -4414.918899 1084.662852 4711.628537 2189.544033 -3450.295311 -4885.486770 -1819.935973 8486.212040 -959.483574 9422.209011 4445.487064 2069.000865 -107.376421 -585.063706 -2585.308379 -1587.427122 4368.487355 1525.769039 503.073229 6488.180125 -1238.144390 -1880.845225 -2840.900921 1363.748972 802.165156 962.555955 6538.385773 -3288.711542 2662.576896 2457.840741 2056.128188 
-1856.570480 -4645.453599 1880.524995 -1373.960135 1190.353117 -48.868593 808.197103 233.828259 -4414.685184 1084.385219 4712.586158 2189.467332 -3450.544441 -4886.452673 -1820.006442 8485.962289 -960.426641 9422.428668 4444.847644 2069.004190 -108.145272 -585.921971 -2585.755174 -1587.679619 4368.693823 1526.361653 502.294654 6487.431927 -1238.461783 -1880.262592 -2841.773848 1363.262143 802.133617 963.020406 6539.256622 -3288.550584 2662.115733 2457.400407 2055.357840 
-1856.943320 -4646.324984 1880.843868 -1373.041566 1189.958996 -48.838596 808.284915 234.200165 -4415.609292 1084.275740 4711.979801 2188.679712 -3449.651675 -4886.146460 -1820.336901 8485.441868 -961.252240 9422.646725 4444.537594 2069.324461 -107.250121 -585.912869 -2585.375561 -1586.754519 4369.415371 1525.774493 502.661549 6487.191777 -1239.091124 -1881.001684 -2842.063795 1362.560168 802.784127 963.443808 6538.590587 -3289.164691 2662.445809 2458.333464 2055.214819 
-1855.955491 -4646.225779 1880.724067 -1372.805116 1190.386687 -49.711047 807.695375 233.404591 -4415.469628 1085.086855 4711.961795 2188.095103 -3449.385187 -4885.186000 -1820.256269 8484.684532 -961.668107 9422.143241 4444.154468 2068.852817 -106.455912 -586.181072 -2585.108182 -1585.829005 4369.409753 1525.014865 502.011216 6486.397916 -1238.686251 -1880.547962 -2842.442651 1362.666004 803.703511 964.437780 6538.601722 -3289.273755 2662.620389 2459.047962 2054.537313 
-1855.099807 -4645.878226 1881.107487 -1372.384333 1191.278857 -49.546811 808.603684 233.238805 -4415.853673 1085.906603 4711.462528 2188.375718 -3448.684816 -4884.919689 -1819.594032 8484.610297 -962.646899 9421.952306 4444.457945 2068.228993 -105.735673 -585.793147 -2585.984231 -1585.542556 4370.365339 1524.787419 502.198626 6485.428165 -1238.767481 -1880.317778 -2843.417280 1362.551229 803.895670 964.174832 6538.291783 -3288.360083 2662.489829 2460.039399 2054.534858 
-1855.458545 -4646.756596 1881.423356 -1371.880693 1190.610302 -50.093969 809.465263 233.742538 -4415.916393 1085.875993 4712.213559 2189.035275 -3448.950361 -4885.882877 -1819.635916 8484.186983 -963.532746 9422.142255 4445.022462 2067.626286 -106.299645 -586.786968 -2585.935070 -1585.642075 4370.301962 1523.995664 501.591083 6485.081666 -1239.669616 -1880.574856 -2844.114351 1362.986533 803.325931 964.990642 6538.170585 -3287.794605 2662.715409 2460.792336 2055.153081 
-1854.610226 -4646.420679 1881.832642 -1370.970337 1190.704219 -50.496998 809.623655 234.723828 -4416.025859 1085.643583 4711.521140 2189.718313 -3449.854061 -4886.185124 -1819.332647 8483.705999 -963.296832 9421.297862 4445.708951 2068.290262 -106.596073 -587.658137 -2586.280236 -1585.991253 4370.801520 1523.395474 502.215754 6486.006308 -1239.586096 -1880.203291 -2845.011169 1363.195408 803.715916 965.550311 6537.544651 -3288.337722 2662.757379 2461.791450 2055.149846 
-1854.125784 -4646.937309 1882.538624 -1370.036464 1190.464939 -50.762754 810.286202 234.356417 -4415.373142 1086.313020 4710.952827 2189.239905 -3449.615787 -4885.218593 -1819.237558 8484.495846 -963.720699 9420.854603 4444.811380 2068.335874 -107.034576 -588.381057 -2586.898494 -1585.682800 4371.560668 1522.838827 501.878355 6485.214491 -1239.452111 -1879.607410 -2844.948453 1362.401621 803.110962 965.674126 6538.258352 -3289.027143 2662.021918 2461.334656 2054.649409 
-1854.078673 -4647.727801 1881.927967 -1370.380378 1191.349274 -51.078467 809.776689 234.947722 -4414.748038 1086.555273 4711.345963 2190.126899 -3449.180122 -4885.871446 -1818.617898 8484.304974 -963.018994 9420.168179 4445.184097 2068.064309 -107.921895 -587.604828 -2586.745518 -1585.071190 4372.029724 1522.094779 501.402561 6485.525291 -1239.269043 -1878.674732 -2845.607840 1361.908833 802.543186 965.345474 6539.127146 -3288.656757 2661.363604 2460.769718 2055.146870 
-1853.717395 -4646.854539 1881.601025 -1371.328168 1191.634333 -50.935518 809.394396 235.759286 -4415.189870 1086.755488 4710.377088 2189.981316 -3448.574904 -4885.537684 -1817.895185 8483.608281 -962.458771 9419.720107 4446.089281 2068.188390 -107.515392 -587.064748 -2586.559732 -1584.250339 4372.177650 1521.410012 500.688970 6486.331767 -1238.707883 -1878.488462 -2844.718245 1361.452621 802.521006 964.798307 6539.963894 -3288.635291 2661.343456 2461.144358 2056.073822 
-1853.739272 -4646.064327 1882.213468 -1370.813148 1192.085528 -51.664337 808.882201 236.256964 -4415.889851 1085.768011 4710.532456 2190.008689 -3448.873055 -4884.904748 -1818.609676 8483.863047 -961.532013 9419.996175 4445.540149 2067.422113 -107.181815 -586.390714 -2586.642119 -1584.984430 4371.410867 1521.996682 500.428467 6486.693509 -1237.802387 -1878.266607 -2844.197450 1361.735253 803.326544 964.827819 6540.743017 -3288.009115 2660.368084 2461.352630 2056.001223 
-1854.588326 -4645.583100 1882.431478 -1371.670823 1192.503969 -51.365505 809.742584 236.579411 -4416.284528 1085.122502 4709.845433 2189.675044 -3448.244443 -4885.593083 -1818.971675 8483.411289 -960.745710 9419.574698 4445.770343 2066.838962 -107.960882 -585.406008 -2586.790944 -1585.075011 4370.781092 1522.700114 500.757962 6486.703269 -1236.802631 -1878.246771 -2843.239036 1361.598199 803.576860 965.739109 6540.344570 -3287.905236 2660.788001 2461.597356 2055.127278 
-1855.095508 -4645.057713 1881.748299 -1371.567800 1192.323476 -52.343671 810.268867 235.924273 -4415.742476 1085.495603 4709.399262 2190.488511 -3447.250006 -4885.487757 -1818.972255 8483.345672 -959.850304 9419.134309 4444.882868 2066.630112 -107.550066 -585.244336 -2587.370552 -1584.276314 4371.759272 1522.903735 500.799217 6487.556672 -1236.320099 -1878.049625 -2842.923950 1360.691375 803.856846 966.305411 6539.644094 -3288.339559 2661.423043 2462.279833 2054.765415 
-1855.059909 -4644.259093 1882.349081 -1372.251642 1192.767251 -52.922830 810.957366 235.231137 -4415.955855 1086.483336 4709.555381 2190.491528 -3447.161821 -4886.087308 -1819.767718 8482.795925 -959.465487 9419.875722 4444.385540 2067.485070 -107.697415 -585.594703 -2588.025974 -1584.945391 4371.128118 1523.514730 501.277055 6487.618458 -1236.825713 -1877.189080 -2842.938068 1361.407996 804.554167 965.817545 6538.983167 -3287.769329 2661.019817 2461.861181 2053.951695 
-1854.581264 -4644.793702 1883.045566 -1372.420951 1193.740110 -52.765099 811.269789 235.879729 -4416.649915 1086.440363 4708.929553 2189.712752 -3447.083720 -4885.237049 -1820.288257 8483.755883 -959.671714 9420.065329 4444.972234 2067.232493 -108.466827 -585.336147 -2588.878839 -1584.491772 4371.995381 1523.886811 500.946284 6487.451936 -1237.800021 -1877.340718 -2843.901902 1361.611635 804.726081 965.470736 6539.682362 -3287.144149 2660.770142 2460.967274 2054.323976 
-1854.898013 -4644.837717 1883.993054 -1372.731831 1193.981725 -53.684324 810.612170 236.613256 -4416.821600 1086.297659 4708.820354 2188.729029 -3446.986913 -4886.106220 -1820.773200 8484.750114 -959.678803 9420.172352 4445.825402 2067.719434 -108.653891 -586.038607 -2589.047166 -1583.800240 4372.974602 1523.997027 500.776052 6486.522271 -1237.918527 -1876.991892 -2843.497854 1360.774110 805.093906 965.291218 6540.609926 -3286.816434 2660.207933 2461.044923 2053.500634 
-1854.056362 -4645.328398 1883.767541 -1372.614136 1194.733926 -53.035986 810.623833 235.851887 -4417.469814 1086.721319 4709.421726 2188.051633 -3446.744041 -4886.076972 -1821.742818 8484.298970 -958.815620 9419.945670 4446.376129 2067.359219 -109.406848 -587.020114 -2589.238283 -1583.789376 4373.031194 1523.721263 501.735610 6485.534912 -1237.875183 -1876.839433 -2844.437670 1360.909917 805.407437 964.456198 6540.824621 -3286.309829 2659.270849 2461.350149 2053.331189 
-1853.722875 -4645.266886 1882.826795 -1373.357641 1194.083730 -52.879634 810.300339 236.739603 -4417.797397 1086.829926 4708.708695 2187.358964 -3446.868250 -4885.206629 -1821.266293 8484.463123 -957.948916 9420.416708 4446.614940 2067.482519 -110.370055 -586.593479 -2589.089746 -1584.681519 4373.509785 1522.983675 502.211965 6485.717213 -1238.306072 -1877.723232 -2845.079926 1360.335669 804.899750 965.120801 6540.191217 -3285.913468 2658.537131 2460.671366 2053.301031 
-1854.095987 -4646.131323 1883.163747 -1374.262001 1193.705229 -52.682478 810.672287 237.633639 -4417.547689 1086.219984 4709.266464 2186.796056 -3447.545187 -4884.569291 -1820.898113 8484.924787 -958.121779 9419.546659 4446.412009 2068.308284 -109.843812 -586.608934 -2588.154406 -1585.034931 4373.948146 1522.691586 501.361952 6484.769113 -1238.177266 -1877.432517 -2845.183781 1361.329830 804.870469 965.498014 6540.689052 -3285.132527 2658.778158 2460.298095 2052.405166 
-1854.501375 -4646.993984 1883.466195 -1373.804410 1193.038255 -52.094467 809.678810 237.522706 -4417.574105 1086.487435 4708.380366 2186.417505 -3447.767295 -4884.581567 -1819.923168 8485.373993 -958.910121 9419.126266 4445.491077 2068.085267 -109.524206 -586.265065 -2587.562462 -1584.305989 4374.933056 1522.681151 501.189198 6485.054039 -1239.068068 -1877.786480 -2844.562858 1361.140929 804.109699 965.726191 6539.721550 -3285.023554 2658.237164 2460.960418 2051.886848 
-1854.989062 -4646.469394 1882.768365 -1374.571198 1192.746201 -52.666079 809.898453 237.743112 -4418.524461 1086.869777 4709.012729 2185.743761 -3448.187352 -4883.887308 -1820.507597 8484.784174 -959.717449 9419.144539 4445.396987 2067.100961 -109.374910 -586.404192 -2588.149554 -1583.508513 4375.341799 1522.608369 502.098941 6485.932761 -1239.545397 -1877.784535 -2845.081263 1360.859217 803.302299 964.734971 6539.816795 -3284.931844 2658.323409 2461.940444 2051.707654 
-1854.997801 -4645.669854 1883.368915 -1374.884064 1191.806883 -52.525375 809.292048 237.048972 -4418.912330 1087.850441 4709.080724 2185.927271 -3447.859272 -4883.084863 -1820.009154 8485.665616 -959.774746 9418.675735 4444.410460 2067.251009 -109.309725 -585.454142 -2587.854646 -1583.406361 4374.468978 1522.785508 502.553700 6485.298792 -1239.681038 -1877.023165 -2844.431848 1360.224384 803.720923 964.487559 6540.720750 -3285.280632 2657.432777 2461.687763 2052.085710 
-1855.876962 -4646.003571 1883.028754 -1373.933750 1191.614582 -52.280583 809.374468 236.382180 -4419.653002 1087.509904 4709.286930 2186.844612 -3448.831579 -4882.854809 -1819.967995 8485.090482 -960.592155 9418.708357 4443.808367 2067.273295 -108.511609 -585.747974 -2588.321680 -1582.572369 4374.647955 1523.687086 502.947558 6484.340065 -1239.595909 -1877.294449 -2843.817739 1359.600381 803.237714 963.533641 6540.439327 -3285.384752 2657.056629 2462.566599 2051.792177 
-1855.411737 -4646.550255 1883.724960 -1373.545815 1190.795527 -51.857906 809.116056 235.960279 -4420.522038 1087.685000 4709.094868 2187.810248 -3448.549311 -4882.703877 -1820.915383 8485.068658 -960.516652 9419.705264 4444.379701 2068.093781 -108.531119 -585.123150 -2589.048563 -1582.287350 4374.292697 1524.285632 503.665565 6484.014983 -1240.418897 -1877.760295 -2844.089851 1358.742148 803.672905 963.700754 6541.384114 -3285.102882 2657.152857 2463.377839 2052.368918 
-1856.248375 -4646.899475 1883.302964 -1372.559624 1190.678155 -51.741074 808.661292 235.483489 -4419.769800 1087.769370 4709.947096 2188.326571 -3448.092626 -4881.827299 -1821.067206 8484.212102 -960.570675 9420.218482 4444.822090 2068.734561 -109.158569 -584.268297 -2588.956401 -1581.776730 4374.564496 1523.457525 504.155834 6484.336592 -1239.733989 -1878.414106 -2843.682072 1358.211454 804.415926 963.282191 6542.251947 -3285.370597 2657.671906 2463.311153 2051.516779 
-1855.861283 -4646.808353 1882.385437 -1371.774908 1190.755834 -51.126105 808.342124 236.429639 -4419.823940 1088.592115 4710.514179 2188.287739 -3448.981912 -4881.623307 -1821.476545 8485.034287 -960.476352 9420.779833 4445.352891 2069.570094 -109.016668 -584.985175 -2588.275464 -1581.627030 4374.905731 1523.599424 505.085040 6484.900422 -1240.467905 -1878.792871 -2844.063528 1357.465260 803.870319 963.904589 6542.851470 -3284.867415 2656.686992 2463.470696 2051.449775 
-1855.491901 -4645.939158 1882.056717 -1371.217765 1191.185078 -51.836979 807.526189 236.193463 -4419.296236 1087.955755 4710.550120 2187.517184 -3449.500247 -4880.775242 -1821.366475 8485.286319 -961.278543 9421.321099 4444.756845 2069.660494 -109.814514 -584.369523 -2587.999765 -1582.365246 4375.581199 1523.400584 504.374966 6485.497557 -1240.677587 -1879.567121 -2843.103939 1357.202432 803.769768 963.740290 6542.033571 -3284.316010 2655.891060 2463.293229 2052.028565 
-1856.337289 -4646.292982 1881.656558 -1371.780541 1190.913728 -52.617781 808.140044 235.533286 -4418.863398 1087.388079 4710.919269 2186.781335 -3448.779117 -4880.375765 -1820.800445 8485.582980 -962.041076 9421.896021 4445.083380 2069.782685 -110.751767 -584.049804 -2587.898866 -1581.423121 4375.739116 1522.415273 504.309965 6486.255100 -1241.147438 -1880.020298 -2843.472557 1356.969258 802.869907 963.612458 6542.918669 -3283.868506 2656.193920 2464.240154 2051.920827 
-1855.970499 -4645.419077 1881.337568 -1372.475252 1191.437508 -53.110763 808.026312 235.907230 -4417.942946 1087.638169 4711.840942 2186.484732 -3448.493967 -4880.506507 -1821.749969 8486.158066 -961.224828 9421.841106 4445.917610 2069.376407 -111.124595 -584.318863 -2587.641890 -1580.494913 4375.505999 1522.799232 505.203403 6485.485182 -1241.667851 -1880.389619 -2843.004651 1357.844946 802.989211 962.909696 6542.732947 -3284.555262 2656.970473 2464.373327 2052.536644 
-1856.556846 -4644.634093 1881.137573 -1373.088151 1190.720049 -52.779694 807.588932 235.696937 -4417.068603 1086.705417 4711.666776 2186.169075 -3448.401794 -4880.808382 -1822.698851 8485.912310 -960.446432 9421.263435 4446.430622 2069.524881 -110.279152 -584.009366 -2588.404276 -1579.926600 4375.521576 1523.494885 505.921612 6486.358923 -1241.698616 -1880.875036 -2842.459587 1357.006709 803.005444 962.658496 6542.779508 -3283.588447 2656.828107 2464.551890 2053.510218 
-1857.550260 -4644.722303 1881.210696 -1372.923518 1191.516573 -52.197933 807.103447 234.870547 -4416.783327 1086.863846 4712.631504 2186.379312 -3447.568029 -4880.286940 -1822.517367 8486.752589 -960.419123 9421.804901 4446.333157 2069.406425 -109.290988 -584.749597 -2587.831728 -1579.574114 4376.299777 1523.914774 505.454606 6486.701679 -1240.891178 -1881.355205 -2842.629252 1357.419225 802.110433 963.260123 6541.997796 -3283.424217 2657.263236 2463.663291 2053.655323 
-1857.541491 -4643.841079 1881.683314 -1372.142327 1191.594070 -51.578470 807.650709 234.095547 -4417.099366 1085.922033 4712.297864 2186.420202 -3447.474088 -4880.654002 -1821.591926 8486.812961 -960.491693 9420.809367 4445.588747 2069.066608 -109.865774 -584.510254 -2586.890933 -1579.814155 4377.008505 1524.121606 506.129087 6485.833437 -1240.816526 -1880.864712 -2843.335428 1357.558578 801.416245 963.930528 6541.526336 -3282.851257 2657.842698 2464.476053 2053.594971 
-1856.543343 -4643.803183 1881.730907 -1373.034324 1191.366071 -51.188138 807.411654 234.116790 -4416.128592 1085.855704 4711.699086 2185.622039 -3447.273560 -4881.237497 -1822.378896 8487.650184 -960.480610 9421.356117 4444.794983 2068.836202 -110.428670 -585.143714 -2586.642720 -1580.547038 4376.052360 1524.240073 506.396951 6485.010224 -1240.456600 -1881.303774 -2843.555403 1357.534142 800.441046 964.531164 6540.806489 -3283.199188 2658.583374 2464.315628 2054.247399 
-1856.968068 -4644.650521 1882.049700 -1372.265752 1191.441054 -50.552784 806.791938 233.353442 -4415.946238 1086.650434 4711.198034 2185.279473 -3446.654994 -4881.267470 -1821.593735 8487.074758 -961.298386 9421.367426 4444.433261 2068.054312 -109.920924 -585.942445 -2586.857288 -1579.984908 4376.772972 1524.458656 507.054933 6485.862953 -1239.963309 -1881.475584 -2844.218891 1357.950920 801.062399 964.463260 6541.410455 -3283.993300 2659.032300 2464.794734 2055.001669 
-1855.973527 -4644.594544 1881.961632 -1373.164408 1191.212768 -50.178215 806.535886 232.628542 -4415.306741 1086.801704 4710.547302 2186.023560 -3447.146541 -4882.079885 -1821.280107 8487.917775 -961.309867 9421.905191 4444.114612 2068.120445 -110.866487 -586.781153 -2586.420491 -1579.659673 4375.878152 1524.884047 507.190359 6486.203345 -1240.408047 -1882.304041 -2844.159897 1357.674070 802.021500 965.227552 6540.769294 -3283.924227 2659.962466 2464.806983 2054.634734 
-1856.352634 -4645.467615 1882.268266 -1372.665450 1190.536556 -50.720228 806.809797 233.520277 -4414.946491 1086.085281 4710.302932 2186.677029 -3447.541267 -4882.989202 -1821.148443 8488.783337 -960.814729 9421.830088 4443.418213 2068.515110 -111.465877 -587.461165 -2585.991869 -1579.064806 4374.963640 1524.584050 507.461781 6485.416001 -1240.439441 -1882.919755 -2843.356957 1358.259597 802.133057 965.386542 6540.306610 -3283.052077 2660.244143 2464.121988 2053.962841 
-1855.502365 -4645.133005 1882.674564 -1373.287149 1189.818935 -50.406365 806.559095 234.421286 -4414.592468 1085.960106 4709.901675 2187.584401 -3446.978708 -4883.799044 -1821.314821 8488.560402 -960.508992 9420.904439 4443.053672 2069.145278 -110.780313 -587.241057 -2585.128684 -1578.610423 4374.261829 1524.601427 508.173932 6486.142929 -1241.070568 -1883.190410 -2842.810130 1359.011144 802.502052 965.168694 6539.964040 -3282.138191 2659.487104 2464.726521 2053.714985 
-1856.352664 -4644.652943 1882.890276 -1373.136250 1188.934055 -49.965663 806.461261 234.011323 -4413.685627 1085.908683 4710.438842 2188.426308 -3447.957733 -4883.852068 -1821.511542 8488.243421 -959.642960 9421.291105 4443.251032 2069.731450 -109.994533 -587.167073 -2584.887439 -1577.642783 4373.335793 1524.861748 508.447229 6486.867922 -1241.286531 -1882.536388 -2842.778680 1359.640248 803.278737 966.081257 6539.812902 -3282.518171 2659.508282 2464.106025 2052.931062 
-1855.490662 -4644.340884 1883.289740 -1373.806744 1189.000298 -50.704615 807.331060 233.934640 -4414.173038 1085.085883 4710.930806 2188.141752 -3448.780932 -4883.324472 -1821.721269 8487.395082 -959.679302 9420.762901 4442.342936 2069.779973 -110.410472 -587.056974 -2584.177006 -1578.337883 4373.200907 1525.779579 508.073876 6486.412175 -1242.141361 -1882.288275 -2842.017319 1359.720581 802.635405 966.465274 6540.373806 -3281.784742 2660.383356 2464.315636 2052.494817 
-1855.027064 -4643.492795 1883.033181 -1373.682274 1189.775152 -51.324381 807.061814 234.835873 -4413.833499 1085.035792 4710.382615 2187.306900 -3448.636897 -4884.181405 -1822.216162 8487.701559 -960.523747 9420.323602 4441.770971 2070.416363 -110.928028 -587.109627 -2583.440467 -1577.663541 4372.827391 1525.018853 507.543044 6485.877878 -1242.958825 -1882.073148 -2841.840900 1359.730834 803.619667 967.261598 6540.741180 -3281.304218 2660.679295 2464.576912 2051.576038 
-1855.457338 -4642.631117 1882.764156 -1373.669802 1190.654508 -50.848380 807.928085 234.734010 -4414.322579 1084.197775 4710.829843 2186.994305 -3448.042034 -4883.398740 -1822.399393 8487.468941 -959.733545 9419.756618 4441.944259 2069.520049 -111.336186 -586.177058 -2583.177031 -1577.910355 4372.993591 1525.485219 506.674205 6484.967954 -1242.602489 -1882.285430 -2841.631921 1358.767875 803.790070 967.311961 6539.858771 -3280.836438 2660.074630 2465.351018 2051.763494 
-1856.204414 -4641.996569 1882.566099 -1374.662508 1190.731963 -50.940770 807.986400 234.911803 -4413.340240 1083.360976 4710.818356 2186.446917 -3447.140783 -4882.972066 -1822.323916 8488.328365 -959.687664 9420.265819 4441.980172 2069.317736 -112.314848 -585.720855 -2583.109553 -1577.023041 4373.479062 1524.769486 506.172166 6484.179800 -1243.199131 -1882.134334 -2841.067328 1359.480318 804.206796 966.786787 6539.763265 -3279.990819 2660.910433 2465.884065 2051.631987 
-1856.211111 -4642.899092 1882.135511 -1374.177583 1191.324670 -50.297694 808.269273 234.196941 -4412.700744 1083.443963 4710.939413 2185.457746 -3446.341341 -4883.492493 -1822.023837 8489.035908 -959.444274 9419.602386 4442.370167 2070.180363 -111.992702 -584.773498 -2583.243021 -1576.732007 4373.526789 1525.712844 505.843842 6484.021674 -1243.407401 -1881.169129 -2840.531940 1359.653912 805.033370 966.264362 6539.329652 -3279.256618 2661.692061 2466.173865 2052.184321 
-1855.934052 -4643.772717 1882.535534 -1374.064303 1191.487717 -51.277788 808.212798 233.980399 -4413.675382 1084.174475 4711.264024 2186.058562 -3446.031856 -4883.808833 -1822.920580 8489.720108 -960.004359 9419.135294 4442.842825 2069.326204 -111.775890 -584.166245 -2583.052180 -1575.960759 4373.486552 1524.983902 505.160450 6484.787318 -1244.027467 -1881.340321 -2840.409964 1360.234294 805.838527 966.020506 6538.534351 -3279.811624 2662.018464 2465.533075 2051.489447 
-1855.535866 -4643.708515 1881.620478 -1373.451004 1192.204032 -51.610591 807.630830 233.176585 -4413.552106 1084.976399 4711.205550 2185.464005 -3446.270019 -4884.608318 -1823.472035 8489.200030 -960.396903 9419.893863 4442.389254 2068.572179 -111.300790 -583.750560 -2583.711049 -1576.587735 4374.219160 1524.325181 504.989068 6485.628110 -1243.934157 -1881.873577 -2839.744489 1360.644691 805.215054 965.247558 6538.601243 -3279.180690 2662.101789 2464.568493 2051.239168 
-1855.192313 -4643.660508 1880.682573 -1373.539757 1192.045212 -50.627281 807.584214 232.989793 -4414.533399 1085.010405 4710.771285 2186.364148 -3446.943660 -4884.311932 -1822.795010 8489.446673 -961.261349 9420.331929 4442.967959 2067.952754 -110.770307 -584.188975 -2584.044096 -1575.752947 4373.579723 1523.724072 505.468430 6485.805486 -1243.962230 -1880.889834 -2839.447352 1360.314495 806.110979 964.868168 6538.457797 -3280.094740 2662.784705 2464.713881 2051.955052 
-1855.556370 -4644.534885 1881.003399 -1372.767194 1192.143273 -49.999960 806.721268 233.100015 -4414.040270 1085.851048 4711.279497 2186.551336 -3447.304462 -4884.562042 -1821.896529 8488.489775 -961.117788 9420.079467 4443.443909 2067.836150 -109.898599 -585.040803 -2583.521948 -1575.794798 4373.791616 1523.382002 506.383902 6486.501864 -1243.476987 -1881.418603 -2838.953781 1360.299753 806.980560 964.615056 6537.992429 -3280.942895 2663.718163 2464.621661 2051.608424 
-1854.700386 -4645.007783 1880.794451 -1372.353337 1193.041760 -49.853526 805.869438 233.210580 -4413.528254 1085.823042 4710.693391 2185.741586 -3447.565267 -4885.525515 -1821.957360 8487.972613 -961.337813 9420.906590 4443.054207 2068.754976 -109.836211 -585.948720 -2583.767914 -1576.134192 4374.464578 1523.977073 505.944570 6485.723266 -1242.958664 -1881.064870 -2838.471518 1360.663699 806.183712 965.545048 6538.243241 -3281.211614 2663.912416 2465.451101 2051.084692 
-1854.213611 -4645.517687 1881.503710 -1373.154388 1192.962446 -50.446845 805.930616 233.599300 -4414.447576 1085.602959 4710.801375 2184.772100 -3448.014950 -4884.887846 -1822.582790 8488.209680 -962.162191 9421.420594 4444.031295 2068.963092 -109.791634 -586.853908 -2583.625578 -1575.733722 4375.121841 1524.523974 505.426010 6484.818309 -1242.687860 -1880.736666 -2838.503439 1361.660821 806.114941 966.171780 6538.906366 -3280.802382 2664.568114 2465.947134 2050.515472 
-1854.189010 -4644.713860 1882.098064 -1374.059415 1192.762375 -50.071483 805.911001 233.425371 -4415.432139 1086.046006 4711.681714 2184.602651 -3448.913666 -4885.188979 -1822.263995 8488.750700 -961.982346 9420.599038 4444.076175 2069.577361 -110.579454 -586.651854 -2583.192365 -1576.612073 4374.341291 1525.091851 505.687271 6484.780928 -1243.621994 -1880.381706 -2837.614281 1361.206002 806.064550 965.554093 6539.535845 -3280.330980 2663.899169 2465.371077 2050.045715 
-1853.341342 -4645.195069 1881.874688 -1373.696657 1191.935383 -49.641958 805.647661 234.325450 -4415.084994 1085.921616 4711.078077 2183.815154 -3449.184894 -4886.150177 -1822.314318 8488.131758 -962.767754 9420.605744 4444.354096 2070.294377 -111.218709 -586.484333 -2582.433569 -1577.241489 4374.321077 1525.510874 504.779520 6485.529801 -1243.033438 -1880.077092 -2837.661039 1362.076058 806.555280 965.421040 6539.425540 -3281.315932 2663.717523 2465.729392 2049.129956 
-1852.491854 -4645.406106 1881.391124 -1373.292861 1192.823260 -49.421447 805.609912 234.162545 -4416.070913 1085.623138 4710.137844 2183.979077 -3448.381613 -4886.715064 -1822.125520 8487.294258 -962.746015 9420.059740 4443.811077 2070.371195 -112.054908 -586.977271 -2582.043003 -1576.464012 4374.465745 1526.117098 505.561546 6486.427085 -1243.342940 -1880.391877 -2838.083031 1361.260877 806.952020 965.294707 6538.748638 -3282.041083 2664.282057 2466.554579 2049.149118 
-1852.780298 -4644.454068 1881.493228 -1373.628841 1193.650575 -49.871633 805.614456 233.691539 -4416.953031 1084.986998 4710.180326 2183.208674 -3448.259343 -4885.863476 -1822.635273 8487.860739 -962.526337 9419.265485 4443.388885 2069.996052 -111.229668 -587.283470 -2581.744064 -1577.367825 4375.227235 1525.911715 504.946769 6486.444759 -1244.183498 -1879.850445 -2838.438862 1362.052672 807.448451 965.280572 6539.292811 -3282.879937 2664.850609 2466.989511 2048.450847 
-1853.398640 -4643.715864 1881.223583 -1373.790385 1194.560984 -50.252499 804.649070 233.805376 -4416.718359 1084.225177 4710.048530 2183.842914 -3447.457350 -4886.424149 -1822.429234 8487.893569 -961.921129 9420.060875 4443.843900 2069.364084 -111.857026 -586.805051 -2580.880107 -1577.524964 4375.500442 1525.096943 504.435393 6486.416782 -1244.847649 -1879.103370 -2839.301646 1362.520489 807.256744 965.774401 6538.610738 -3283.419298 2664.225291 2467.745919 2048.642739 
-1854.290014 -4643.290787 1881.066229 -1374.309174 1194.439328 -51.098701 804.750642 233.657972 -4417.702206 1084.851557 4710.809429 2184.012269 -3447.664188 -4886.414322 -1821.450908 8487.113535 -961.355574 9420.328635 4444.755192 2069.748146 -112.005497 -586.725436 -2579.883857 -1577.558835 4375.506838 1524.963054 503.444417 6486.895769 -1245.083189 -1879.949001 -2839.016980 1363.309380 807.801370 966.374739 6538.692847 -3284.214817 2664.452897 2468.719261 2048.614427 
-1854.621597 -4643.384815 1882.004957 -1373.363703 1194.761185 -51.148630 804.833525 232.682726 -4417.497206 1085.006080 4711.636665 2184.552456 -3447.008721 -4887.076669 -1821.813758 8487.349748 -962.144436 9420.895998 4445.025747 2069.004817 -111.393727 -587.568058 -2579.907502 -1578.096821 4374.775533 1525.072601 502.771223 6486.495997 -1245.837598 -1880.469625 -2839.142132 1362.431451 808.263516 965.895621 6537.843741 -3284.437221 2664.758231 2468.686902 2047.662732 
-1854.675303 -4644.182346 1881.404074 -1372.524680 1194.843741 -50.610834 805.498587 231.936154 -4417.479248 1085.025406 4712.204843 2185.375135 -3447.915049 -4887.393267 -1821.533873 8486.507812 -962.190721 9420.358408 4444.944601 2068.023461 -111.567955 -588.128582 -2579.152116 -1578.436241 4374.437344 1525.573118 501.974284 6487.205340 -1246.043333 -1879.795454 -2839.812426 1361.712027 808.081485 965.442289 6538.720197 -3284.599437 2664.107139 2469.315255 2047.236995 
-1853.831716 -4644.652187 1881.144055 -1372.746465 1194.704185 -49.645777 806.201188 231.915190 -4416.767973 1084.154413 4711.771072 2185.144451 -3447.958170 -4887.576512 -1822.515994 8486.446312 -962.099748 9421.352360 4444.965093 2067.578468 -110.672656 -588.856446 -2579.369751 -1579.086509 4374.201295 1526.222266 501.251174 6486.680429 -1245.851190 -1878.966268 -2840.340729 1362.068195 808.852226 964.475812 6538.835997 -3284.828593 2664.318896 2470.281861 2047.092661 
-1854.287503 -4644.118407 1880.431779 -1372.586149 1194.488994 -48.682454 805.253733 232.079728 -4416.493645 1083.342005 4712.279568 2185.429802 -3447.004585 -4887.830303 -1822.678063 8485.590363 -962.120756 9420.835727 4445.639824 2068.299860 -110.516666 -588.179558 -2580.074711 -1578.874722 4373.558273 1526.329151 502.009527 6486.963255 -1246.576104 -1878.338169 -2839.849437 1362.531302 809.589901 963.817863 6539.497425 -3285.188615 2665.206476 2469.965387 2046.757929 
-1854.317078 -4644.917500 1879.831298 -1372.828816 1193.719319 -49.272973 805.792431 232.906320 -4416.330705 1083.341767 4711.832535 2186.324319 -3447.609280 -4887.661377 -1823.456400 8485.334972 -961.325218 9420.286277 4446.539697 2068.634361 -110.796555 -587.231039 -2579.809386 -1579.047683 4374.343462 1526.943249 501.929759 6486.752204 -1247.122093 -1877.527395 -2840.032244 1362.118683 810.482273 963.319066 6538.722614 -3284.800196 2664.886319 2469.790377 2045.826869 
-1855.167763 -4644.444591 1880.060846 -1372.725727 1193.886226 -50.253542 804.995085 233.332506 -4415.903384 1083.363952 4712.831764 2186.291906 -3447.915653 -4886.724377 -1823.288568 8485.924167 -960.518270 9420.245225 4445.872320 2068.447807 -111.517530 -587.492417 -2579.379220 -1579.911765 4375.072303 1526.323007 502.219744 6486.580864 -1246.248818 -1877.071288 -2840.704672 1362.857521 810.526536 962.423289 6538.763267 -3284.357557 2665.448232 2470.598358 2046.004127 
-1855.765297 -4643.677021 1879.828920 -1371.823730 1194.108704 -50.623547 805.030782 233.530866 -4414.923905 1083.395319 4712.401457 2187.194044 -3447.583317 -4886.983603 -1824.195406 8486.216375 -961.294415 9420.803986 4445.911001 2067.537689 -111.104992 -586.834708 -2578.948730 -1580.529906 4375.357097 1526.780513 503.062110 6486.931908 -1246.088071 -1876.148831 -2840.213082 1363.490452 809.928425 962.346356 6539.554488 -3284.964228 2666.179876 2470.747353 2045.338923 
-1855.750451 -4644.466711 1879.215593 -1372.590297 1194.024339 -51.260146 804.343543 233.133925 -4414.315514 1084.229439 4712.430648 2187.744853 -3447.779738 -4886.367163 -1824.957916 8486.239742 -961.366769 9419.806880 4446.648938 2067.831680 -111.712461 -586.494848 -2579.481973 -1581.304598 4375.067108 1525.880699 503.388058 6486.081379 -1246.570136 -1875.938558 -2839.572915 1363.924281 810.562442 961.497856 6539.123747 -3284.656805 2666.651470 2470.371746 2044.541102 
-1854.761038 -4644.410746 1879.081691 -1372.051545 1194.330036 -52.045191 804.032114 233.854710 -4414.934772 1084.200252 4711.874322 2186.914402 -3448.376499 -4886.099086 -1824.201601 8485.640522 -962.167062 9419.828474 4446.766190 2066.959777 -111.237027 -587.080204 -2578.772511 -1581.697056 4374.203941 1525.934124 502.885974 6486.190117 -1246.296993 -1874.982750 -2839.508656 1364.006592 811.556975 961.633231 6538.994025 -3283.674539 2665.909939 2470.155448 2043.906005 
-1855.156957 -4645.267383 1879.412479 -1372.719658 1195.057806 -51.890347 803.605032 234.685726 -4415.291161 1084.201922 4712.303411 2186.011141 -3447.819873 -4885.476770 -1823.651246 8485.384981 -961.381966 9419.264274 4447.545392 2067.329762 -110.731107 -586.105920 -2578.591404 -1581.563004 4373.897887 1526.528527 503.629624 6486.132536 -1245.494720 -1874.388576 -2839.945850 1363.199428 811.160302 962.483051 6539.521047 -3283.681940 2664.910003 2470.147001 2043.898557 
-1856.146822 -4645.347184 1879.529943 -1373.217746 1195.750086 -51.368183 804.463657 235.188863 -4415.193103 1085.050497 4712.793215 2186.211169 -3448.708984 -4885.212480 -1823.277573 8485.960081 -960.564426 9419.234457 4447.382950 2068.121251 -110.141906 -586.765270 -2578.051583 -1581.039697 4373.668180 1527.319577 503.062637 6485.201746 -1245.605766 -1874.736855 -2839.444930 1362.365802 811.392994 963.159731 6539.301646 -3282.979113 2664.836158 2469.766950 2044.820570 
-1855.572879 -4646.130478 1879.768774 -1372.452214 1196.259788 -50.975545 804.769127 234.469798 -4414.568897 1085.032042 4711.797574 2186.302599 -3449.663368 -4885.458834 -1823.108868 8485.892253 -961.143475 9418.421990 4447.316206 2067.667089 -109.253490 -587.674752 -2577.997418 -1581.451896 4372.803027 1526.968493 503.420757 6484.305133 -1246.019154 -1874.895583 -2840.441429 1362.303672 811.448938 962.342349 6539.197696 -3282.412473 2664.827528 2469.097464 2044.077796 
-1855.906665 -4647.022457 1880.073669 -1372.693631 1196.402164 -51.935466 804.760989 234.273767 -4415.549461 1085.045531 4711.378449 2187.210427 -3449.366427 -4884.531571 -1822.880812 8485.610809 -960.382726 9417.837139 4446.965690 2067.257856 -108.411073 -587.488229 -2577.508569 -1580.599702 4372.384125 1527.812456 503.755790 6484.304004 -1247.018657 -1874.864101 -2841.095643 1362.445296 812.191870 961.390031 6539.161653 -3282.109504 2663.850811 2468.882953 2044.080765 
-1855.027357 -4647.396190 1879.778472 -1371.772922 1196.625570 -51.615490 804.437260 234.982623 -4416.176137 1085.888219 4710.923716 2187.498690 -3449.574508 -4884.459395 -1821.905367 8486.408702 -960.918760 9417.561397 4446.769060 2066.314286 -108.144593 -587.058893 -2577.158630 -1581.432296 4371.595035 1528.383693 503.981678 6484.033841 -1246.565220 -1875.713457 -2841.854705 1363.095040 812.151159 960.682140 6538.771639 -3281.520624 2662.885179 2469.064415 2044.266846 
-1854.190890 -4647.071974 1880.220293 -1371.884505 1195.641123 -51.751185 803.861725 234.652789 -4416.924448 1085.895790 4711.915590 2187.371687 -3449.839437 -4885.422162 -1821.959140 8485.507906 -961.345810 9417.482692 4446.114437 2066.555899 -108.860897 -586.696621 -2577.871560 -1582.032703 4371.910754 1527.743587 504.682096 6483.768742 -1247.467903 -1876.052405 -2842.208438 1364.030046 812.176365 961.205566 6539.268569 -3280.828464 2663.189204 2469.484093 2043.411604 
-1855.065929 -4646.679754 1880.503965 -1371.343509 1195.618169 -50.910473 803.700490 234.531026 -4417.903824 1085.049835 4712.396845 2187.142003 -3450.535043 -4885.692877 -1822.624606 8485.727681 -962.115640 9418.081909 4446.593349 2065.811677 -109.326491 -586.996967 -2578.529656 -1582.723139 4371.479490 1527.200230 503.961836 6484.033990 -1247.488182 -1877.016372 -2841.301783 1364.388655 811.954155 960.805133 6538.384457 -3280.587633 2664.180109 2469.611716 2043.454265 
-1854.220394 -4646.326941 1880.904706 -1370.724633 1194.872248 -50.664314 804.641869 234.684424 -4417.603367 1084.243897 4712.901655 2186.832762 -3450.519940 -4884.744873 -1822.942507 8485.408748 -963.028520 9417.827091 4446.390047 2066.540191 -109.980659 -586.012319 -2578.375449 -1582.641358 4372.044932 1526.385922 504.092903 6483.284650 -1247.295486 -1877.649900 -2841.449311 1364.281839 812.937428 961.217531 6538.907946 -3279.842054 2663.676832 2470.206068 2042.827003 
-1853.349990 -4645.987778 1881.261590 -1371.030212 1194.191409 -49.998672 805.364589 235.367779 -4417.706821 1085.077007 4713.412199 2187.045534 -3450.236371 -4883.785925 -1822.945173 8485.458221 -962.319804 9417.123334 4445.556587 2066.779275 -110.478839 -585.441798 -2579.074826 -1582.210802 4372.996583 1526.178074 504.319087 6482.398574 -1247.559379 -1877.268810 -2840.631008 1364.844331 813.055674 960.488836 6538.446661 -3279.335874 2662.684808 2470.091552 2042.774334 
-1853.814203 -4645.485514 1880.532044 -1370.518329 1193.357784 -50.206145 806.171319 235.519300 -4417.135658 1085.882902 4712.944102 2187.408052 -3451.158382 -4884.030571 -1822.645101 8486.353621 -961.881088 9417.199413 4446.196501 2066.151960 -110.922670 -586.422703 -2579.253725 -1582.287096 4372.708452 1527.128761 504.433872 6482.201289 -1246.901780 -1877.995887 -2840.340911 1364.298836 812.269367 960.801569 6537.665852 -3279.876741 2662.150337 2469.302331 2043.076776 
-1853.471533 -4646.363985 1880.199080 -1371.333698 1192.962749 -49.782920 806.804061 235.768614 -4416.402527 1085.145042 4713.167801 2188.044858 -3450.661511 -4883.467182 -1821.985016 8486.673330 -961.741711 9418.136622 4445.296877 2065.755204 -110.740298 -585.901873 -2580.030953 -1581.934035 4373.680395 1526.924593 504.550676 6481.975188 -1247.703239 -1878.549548 -2840.330414 1365.295496 812.188389 959.828151 6537.762950 -3279.669305 2662.947369 2469.009871 2042.548375 
-1854.194472 -4646.364825 1879.508170 -1371.842276 1192.341701 -50.379281 806.214485 234.972582 -4416.265657 1085.290294 4714.129238 2188.278400 -3450.915919 -4883.052528 -1822.858709 8487.302833 -961.602710 9417.372159 4445.036383 2066.523084 -111.325536 -584.999980 -2580.345079 -1582.230538 4374.330783 1527.075341 505.295170 6481.084352 -1247.516602 -1878.135329 -2840.654987 1366.017596 812.799309 960.100558 6537.256017 -3280.487115 2663.084933 2469.230045 2041.582663 
-1854.695108 -4645.795290 1880.160086 -1372.617041 1192.271985 -51.007675 806.509016 234.077820 -4416.601296 1084.456411 4714.677146 2188.344991 -3451.320904 -4882.476086 -1822.148989 8487.898851 -962.222579 9417.882576 4445.921657 2066.725282 -111.744352 -585.581767 -2579.840158 -1582.868174 4373.566363 1526.768797 505.862350 6480.547474 -1248.238003 -1877.697900 -2840.608822 1365.824945 813.779490 960.304713 6537.823716 -3281.284635 2663.747459 2469.827082 2041.130328 
-1855.554397 -4645.330001 1880.372519 -1372.510240 1192.437194 -51.988134 806.509755 234.257600 -4415.617589 1083.782170 4713.945611 2188.446261 -3452.210333 -4882.126776 -1821.854201 8488.125298 -963.196534 9417.871028 4445.724948 2067.630622 -112.120736 -585.236127 -2580.223574 -1583.724635 4374.423169 1526.747166 506.377535 6480.839218 -1247.778632 -1876.858935 -2840.490488 1365.591949 814.744741 959.767071 6538.472331 -3281.823374 2663.529488 2468.950220 2040.701840 
-1856.161393 -4644.558351 1880.182484 -1372.114412 1193.339762 -51.818750 806.254866 235.154469 -4415.256125 1082.928549 4713.884917 2187.928914 -3452.583184 -4881.742698 -1822.698871 8487.905974 -963.847710 9417.144484 4446.021180 2066.950773 -112.791595 -585.813483 -2580.496059 -1584.494318 4374.315918 1525.762291 506.513617 6481.047509 -1247.772389 -1875.880888 -2840.400982 1365.841303 815.709008 959.224508 6538.044985 -3282.546562 2663.146034 2469.778272 2040.292826 
-1856.759003 -4643.960778 1879.647911 -1372.240116 1193.187572 -50.838425 807.106858 235.046220 -4415.768367 1082.912045 4713.386091 2188.795460 -3453.103655 -4882.567818 -1822.479125 8488.801059 -963.402852 9417.114064 4446.008497 2066.001613 -112.477057 -586.798690 -2580.532988 -1584.661658 4373.619951 1526.238756 507.050842 6481.281819 -1246.985486 -1875.310025 -2840.232559 1365.732257 816.688673 958.803539 6538.120521 -3281.642638 2663.041314 2470.483271 2039.591392 
-1857.158046 -4644.614721 1880.290658 -1373.035462 1193.112716 -51.439941 807.770326 235.734548 -4416.061651 1082.593690 4712.524245 2188.400653 -3452.141535 -4882.648287 -1822.739605 8489.332307 -964.208987 9416.853448 4446.609305 2066.234622 -113.241738 -586.366415 -2581.387774 -1584.948851 4374.438305 1526.560143 507.527294 6481.652209 -1247.581301 -1874.597413 -2840.475827 1366.158857 817.559784 958.630423 6537.169965 -3281.384815 2663.997490 2470.718232 2039.416689 
-1857.168416 -4645.432589 1879.715346 -1373.530736 1193.796561 -50.904163 807.995952 235.115655 -4415.309278 1083.414629 4712.964962 2188.037569 -3451.727678 -4883.217164 -1823.450310 8489.102647 -965.064126 9416.388697 4445.875531 2065.575188 -113.405213 -585.455280 -2581.088398 -1585.232060 4375.289521 1526.768291 508.009067 6482.215617 -1246.791643 -1874.354491 -2839.907348 1365.336531 817.584507 959.509285 6537.405136 -3281.799900 2663.343891 2470.694363 2038.660225 
-1857.564606 -4645.552764 1880.625616 -1373.955057 1192.912371 -51.099510 807.411451 234.324627 -4415.128630 1083.424759 4711.968998 2188.126758 -3451.818506 -4884.212526 -1823.418626 8488.509062 -964.392520 9415.945299 4446.525328 2065.037462 -112.867984 -585.546001 -2581.833681 -1584.571513 4375.035093 1527.734965 508.037486 6483.100025 -1247.088520 -1874.714611 -2839.884324 1365.553338 818.560450 960.222169 6537.762861 -3282.403082 2664.303512 2470.469522 2038.491185 
-1857.964510 -4645.624897 1881.539330 -1374.552159 1192.193220 -50.744135 807.149224 235.220315 -4414.769493 1083.473485 4712.528815 2188.953941 -3452.142884 -4883.669915 -1822.643803 8487.953941 -964.360142 9415.114160 4446.111433 2064.327341 -112.298406 -584.594145 -2582.127142 -1584.660121 4374.613497 1528.530056 507.601496 6483.667135 -1247.025915 -1873.893351 -2839.666160 1364.626971 818.253451 961.195780 6537.804988 -3282.178790 2665.151039 2469.956188 2038.356331 
-1856.975006 -4645.499508 1881.467501 -1374.485768 1192.299078 -51.736298 806.297636 235.352020 -4414.262095 1083.447677 4711.534015 2189.052470 -3452.077492 -4884.512254 -1822.108836 8487.143328 -964.945339 9415.135385 4445.547153 2065.102093 -112.583620 -585.226602 -2582.664329 -1584.102063 4375.573048 1528.677978 507.841042 6483.967445 -1246.073396 -1873.943579 -2840.636600 1364.392578 818.310964 961.619206 6538.395646 -3281.491889 2665.194544 2470.619420 2037.609183 
-1857.359054 -4645.608859 1882.384316 -1375.070355 1191.566712 -51.387160 805.989520 236.081191 -4414.873139 1083.902096 4710.972958 2189.744365 -3452.269230 -4885.452824 -1821.828544 8487.446297 -964.846033 9416.083197 4445.374913 2065.629628 -111.751730 -585.215946 -2582.364352 -1583.148176 4375.264293 1529.583573 507.550238 6483.795077 -1245.254099 -1874.490426 -2841.471766 1363.907011 818.052659 962.512482 6538.287689 -3281.928241 2666.153899 2470.838785 2037.431657 
-1856.732481 -4646.356559 1882.604207 -1375.501654 1191.083838 -52.149271 805.699804 236.981975 -4414.549638 1084.294730 4711.535496 2190.471957 -3451.509938 -4885.126150 -1821.265731 8487.004847 -964.671961 9416.963436 4445.552364 2064.679986 -111.493482 -585.060013 -2581.555898 -1583.715703 4374.991257 1529.028671 506.764404 6482.970151 -1244.773915 -1874.788620 -2842.387448 1363.520834 818.163988 962.251872 6537.937464 -3282.827921 2667.049038 2470.398650 2037.360882 
-1857.114774 -4646.399861 1883.527233 -1374.541852 1190.895571 -51.941100 805.118213 236.188516 -4414.370262 1085.242207 4711.785433 2190.671503 -3451.158257 -4884.975007 -1822.189569 8486.411504 -964.350651 9416.225396 4446.290241 2065.235972 -111.876126 -584.105298 -2581.837986 -1583.810293 4375.972776 1529.110430 506.937419 6483.180400 -1245.670569 -1875.178244 -2842.527462 1363.906764 817.252148 962.095309 6537.347975 -3282.035462 2667.914958 2470.207364 2037.823042 
-1856.785746 -4645.510684 1883.209264 -1374.287081 1190.781260 -52.901321 804.509949 235.412304 -4414.204405 1085.980489 4712.373930 2190.341940 -3451.434099 -4885.098815 -1823.142765 8486.041461 -964.949392 9416.935732 4446.756937 2066.117040 -111.799217 -584.303114 -2581.120322 -1583.142589 4375.824732 1529.269723 505.961351 6483.659809 -1245.251349 -1875.949231 -2841.659268 1363.414802 817.187253 961.905011 6537.492896 -3281.064491 2668.609792 2469.503193 2037.676931 
-1855.947918 -4645.204040 1883.660944 -1373.713690 1191.129058 -53.643116 804.196424 236.125232 -4414.831650 1085.560941 4713.260600 2190.536352 -3450.945954 -4884.570788 -1823.837676 8485.278045 -964.379595 9417.239915 4447.328933 2066.421490 -112.560880 -583.710228 -2580.408814 -1582.765440 4376.496668 1529.995443 506.109109 6483.312737 -1245.210391 -1876.886175 -2842.491696 1362.895549 816.993762 962.168540 6536.558497 -3281.304180 2669.529435 2469.268653 2037.991966 
