-1925.389115 -4700.214310 1903.282296 797.335737 286.748638 -4528.981581 -3406.645270 -4819.744238 -1894.176993 8531.986900 -904.564389 9412.382220 -1328.305492 1174.122084 -25.984946 1019.130683 6498.295786 -3428.188079 1121.146430 4689.519978 2130.469382 4429.194203 2071.684651 -116.065207 2815.772032 2497.396150 2031.208956 -814.684607 -2539.774657 -1707.905419 -2929.332061 1378.156303 664.356155 6425.474198 -1260.937918 -1891.573248 4509.146888 1566.530276 562.750189 
-1925.624374 -4699.836698 1904.177876 798.193160 286.451297 -4529.401596 -3406.571847 -4819.046995 -1893.463928 8532.266971 -904.183156 9411.501185 -1329.110653 1173.817391 -26.493746 1018.832813 6497.963842 -3427.293044 1120.827091 4689.462184 2131.415258 4429.941483 2072.015873 -115.489131 2815.509711 2497.482582 2030.247854 -815.560220 -2539.879624 -1708.376889 -2929.322211 1378.671820 663.499332 6426.286246 -1260.705794 -1891.037806 4508.834423 1565.673562 563.160564 
-1926.075414 -4698.968680 1903.970253 798.230280 286.865835 -4528.492321 -3405.648134 -4818.928107 -1893.099758 8533.044467 -904.631112 9411.059783 -1329.132633 1174.756573 -26.836463 1018.744671 6497.461743 -3426.432737 1121.598538 4689.394446 2132.047937 4429.041502 2071.920363 -115.063795 2815.128118 2497.610091 2029.332361 -816.358438 -2540.181806 -1708.897977 -2930.218276 1378.303661 663.747379 6426.427030 -1259.863362 -1890.517721 4508.793455 1565.357422 562.212737 
-1926.979790 -4699.367157 1904.122964 797.716630 286.058546 -4528.201725 -3405.499753 -4819.913132 -1893.187551 8533.760311 -904.118045 9410.586149 -1329.955149 1174.191188 -26.898167 1018.638066 6498.427607 -3426.196639 1122.160747 4689.262897 2132.864402 4429.104771 2071.657409 -114.101063 2814.430718 2496.901689 2029.223733 -815.724010 -2539.545786 -1709.337273 -2930.149116 1377.317496 663.596728 6425.969472 -1259.614672 -1891.371415 4508.832539 1565.667608 561.262865 
-1926.787491 -4698.916763 1903.251089 797.562961 286.240556 -4527.230510 -3405.504048 -4820.890921 -1893.397102 8534.432725 -903.577404 9411.091684 -1330.076228 1174.370802 -27.874424 1018.479862 6497.733942 -3425.493930 1121.297091 4688.845118 2133.146464 4429.310003 2071.489918 -113.136788 2814.697799 2496.124316 2028.654209 -814.812165 -2539.248615 -1709.620515 -2929.598917 1376.951116 664.347093 6425.799031 -1258.649986 -1891.572241 4509.414397 1566.480643 561.242460 
-1926.258886 -4698.732954 1902.422360 798.337343 286.607569 -4526.715113 -3404.798634 -4820.532818 -1892.785421 8535.194520 -903.960998 9411.613724 -1330.015351 1173.428782 -27.544437 1018.380261 6497.958868 -3424.524658 1120.339690 4688.557912 2133.116535 4428.354180 2071.201550 -113.193758 2813.702041 2496.035526 2028.630080 -814.111870 -2538.720251 -1710.100534 -2928.811975 1376.334699 664.319670 6424.859450 -1258.975055 -1891.679564 4509.570788 1567.226467 561.889985 
-1926.197245 -4699.629914 1901.984567 798.683172 285.725324 -4527.034560 -3405.049382 -4821.500109 -1892.747053 8535.313516 -903.770904 9410.639197 -1329.944503 1173.213461 -26.570467 1017.440151 6497.729473 -3424.272524 1119.721939 4689.106885 2132.553496 4428.328783 2072.118295 -113.592421 2812.762341 2495.750033 2028.441782 -814.654236 -2538.667402 -1710.939013 -2929.038218 1376.135518 663.366181 6425.149170 -1258.163582 -1892.187081 4510.372884 1567.617116 561.438282 
-1926.059018 -4700.374159 1901.331120 798.037888 285.238905 -4527.623632 -3405.713039 -4820.836529 -1892.401772 8534.503572 -903.579992 9410.084630 -1329.907098 1173.955590 -25.901255 1016.687469 6497.071117 -3424.266402 1118.915208 4688.690923 2132.133781 4427.400742 2071.854167 -113.329791 2813.101428 2496.514888 2027.894046 -814.359571 -2537.804204 -1710.529059 -2928.067826 1376.058382 663.137291 6424.591489 -1257.803789 -1891.439056 4511.101432 1567.525163 562.117077 
-1925.639761 -4699.489810 1901.125814 797.116440 284.858910 -4527.704481 -3406.041132 -4821.617482 -1892.933249 8535.362623 -903.826502 9409.636004 -1329.900384 1174.911645 -26.194362 1017.020857 6496.610313 -3423.443898 1118.751247 4689.358144 2132.860372 4426.778554 2072.200299 -112.627598 2813.696153 2495.771508 2027.587958 -814.038158 -2537.839189 -1709.582767 -2928.305738 1376.910551 663.603343 6424.780833 -1258.508629 -1890.755426 4510.971276 1568.514457 562.051069 
-1925.167168 -4699.466101 1902.006776 796.689737 285.669559 -4527.303516 -3406.533881 -4822.340991 -1892.449789 8534.568292 -903.577621 9409.081842 -1330.021526 1175.289043 -25.276269 1017.416679 6496.341491 -3424.321998 1118.506149 4690.143270 2132.291598 4426.779309 2071.208536 -112.755683 2813.926546 2496.391593 2026.838015 -813.252570 -2537.332150 -1709.228137 -2928.314924 1377.322179 662.692038 6423.954787 -1258.677944 -1890.217856 4511.496043 1569.270884 562.441501 
-1924.306802 -4698.956458 1902.012629 796.033512 285.068518 -4527.759717 -3406.224237 -4821.550434 -1891.921453 8534.609317 -903.577146 9408.082684 -1330.085309 1174.335737 -24.981078 1018.382880 6496.090054 -3424.265129 1117.596922 4689.760605 2132.455529 4426.620537 2070.668263 -113.582058 2813.451193 2496.056246 2026.024638 -813.937320 -2536.605748 -1709.169333 -2928.737013 1377.266444 661.787198 6424.047262 -1257.726987 -1889.922680 4511.710469 1570.142002 561.999715 
-1924.617515 -4699.314296 1901.132055 795.731675 285.984271 -4527.494592 -3406.722379 -4822.277229 -1891.448566 8535.268025 -903.007416 9408.574121 -1329.227066 1174.810988 -24.787284 1018.736561 6496.603535 -3425.046952 1118.059096 4690.248275 2133.196186 4426.169127 2069.924799 -113.088610 2814.184994 2495.376903 2026.029972 -814.427155 -2536.969748 -1709.961523 -2928.572602 1378.233331 661.982388 6423.237674 -1257.626494 -1889.344348 4512.388404 1570.611104 561.433722 
-1924.622409 -4698.901907 1900.221061 795.816707 286.820924 -4526.953499 -3405.756205 -4822.126813 -1891.239086 8535.381975 -902.798248 9409.545339 -1328.812651 1175.567395 -25.293355 1017.865895 6497.078649 -3424.919639 1117.929281 4691.221716 2133.384762 4426.800708 2070.239860 -112.380202 2813.508731 2494.644156 2026.105798 -814.188112 -2536.339500 -1710.700202 -2929.283040 1377.994897 661.320249 6423.275983 -1258.308469 -1888.613977 4512.668813 1570.075666 560.637056 
-1925.261020 -4698.296123 1899.746506 796.513818 286.621478 -4527.642162 -3406.440103 -4821.476594 -1890.908181 8535.384273 -902.036490 9408.897481 -1328.304700 1176.068160 -25.994227 1016.983724 6497.494384 -3425.140858 1118.415430 4691.340511 2132.518998 4426.128530 2070.147019 -111.645656 2813.307690 2494.447290 2025.146201 -813.986622 -2535.886580 -1711.568686 -2929.761341 1378.656691 660.742965 6422.742450 -1258.664238 -1889.381291 4512.226915 1569.470814 559.974576 
-1925.638397 -4699.103747 1900.199640 795.850007 287.352178 -4527.801634 -3406.855056 -4822.260702 -1890.446674 8534.866507 -901.922117 9409.745323 -1328.180250 1176.447183 -26.911208 1017.622330 6497.312835 -3425.888670 1118.095506 4690.864835 2131.699619 4425.931930 2071.096213 -111.891377 2813.733435 2493.634975 2025.544806 -813.164505 -2536.339786 -1711.913255 -2929.612116 1377.742140 660.367028 6423.305872 -1259.286161 -1888.837445 4511.266776 1569.244546 560.138697 
-1926.250654 -4698.326472 1900.054776 795.736036 286.518787 -4528.342439 -3405.910773 -4822.028355 -1890.213558 8534.488187 -902.545211 9409.060760 -1327.236089 1176.770394 -26.847227 1017.790126 6498.035433 -3426.559265 1117.314301 4690.251032 2131.585758 4426.434419 2071.936469 -111.687724 2813.925492 2492.670658 2025.727032 -813.233518 -2536.831198 -1711.045066 -2929.146455 1377.453788 659.530360 6423.427674 -1258.985470 -1887.891534 4511.432036 1568.688175 559.324363 
-1927.190153 -4698.443641 1900.376667 795.050724 286.719651 -4527.642438 -3405.434289 -4821.322310 -1890.737451 8533.778550 -903.081337 9409.517907 -1327.423387 1177.703648 -26.540703 1017.838928 6498.900921 -3427.057812 1117.126175 4690.842698 2132.369684 4427.004728 2071.120476 -111.782077 2814.118433 2491.876959 2025.150130 -813.244175 -2536.194894 -1710.273701 -2928.952473 1378.274426 658.992843 6424.330479 -1258.940998 -1888.319278 4510.532040 1569.098010 559.472834 
-1926.683074 -4699.263971 1900.112224 794.429273 287.491765 -4527.775247 -3405.891778 -4820.746038 -1891.414661 8533.830115 -903.096382 9408.519351 -1327.793410 1176.956394 -25.988712 1017.717441 6498.050006 -3427.568875 1116.879948 4690.160852 2133.058493 4427.573090 2071.894852 -111.504036 2814.476912 2491.864633 2026.083587 -812.487008 -2536.473961 -1709.683091 -2928.710130 1378.208635 658.024886 6424.508732 -1259.905835 -1888.126107 4510.334945 1569.628466 560.297316 
-1926.119122 -4699.697083 1899.409108 795.140244 287.561447 -4527.075487 -3405.235237 -4821.428867 -1891.735127 8532.921654 -903.198676 9408.114090 -1327.151809 1176.189735 -26.012843 1016.976041 6498.720956 -3427.581252 1116.178995 4690.498740 2132.430403 4427.723534 2071.510770 -112.414996 2814.347897 2491.801098 2027.073192 -812.336180 -2536.419983 -1710.670176 -2927.974923 1377.531799 657.987953 6424.667343 -1259.221188 -1887.414699 4509.931033 1569.919049 559.429896 
-1925.580956 -4700.149468 1898.697965 795.222066 288.410486 -4526.553532 -3405.558570 -4822.214688 -1892.262329 8533.683679 -903.642864 9407.642906 -1326.810888 1175.472753 -26.620881 1016.743932 6497.753393 -3427.680991 1116.516265 4690.865185 2131.563243 4427.981816 2070.952209 -111.626770 2813.621157 2492.488006 2027.075688 -812.334559 -2536.954460 -1711.515358 -2927.544205 1376.647914 658.170244 6425.301200 -1258.458676 -1887.544317 4510.300663 1570.548510 558.746411 
-1925.111409 -4699.577449 1899.370512 794.463350 287.787074 -4526.364570 -3405.376352 -4822.333109 -1893.238430 8533.868013 -904.105926 9408.509851 -1327.407688 1174.955781 -27.234534 1017.367301 6497.632347 -3428.453493 1116.830039 4691.265757 2130.702378 4427.828573 2070.125494 -112.168120 2813.086492 2493.286995 2027.350915 -812.461359 -2537.781967 -1710.968408 -2927.399689 1377.398661 658.814832 6424.535943 -1258.221590 -1886.945842 4510.866487 1569.724014 558.739354 
-1924.548728 -4700.048589 1898.691235 795.180912 287.883772 -4525.674821 -3405.686676 -4823.139539 -1893.741788 8533.221394 -904.684192 9409.007338 -1327.862382 1174.670069 -28.078111 1016.687854 6496.926066 -3428.254702 1117.624768 4690.658887 2130.691655 4428.542050 2070.274275 -112.852821 2812.237789 2493.422652 2027.862091 -813.345602 -2537.872661 -1710.510272 -2926.826429 1376.649324 659.146293 6423.964941 -1258.981219 -1886.634522 4510.303149 1568.940359 558.477563 
-1924.974428 -4700.918897 1898.938913 795.427446 287.872760 -4524.705750 -3406.350719 -4822.454044 -1893.443221 8532.304732 -904.749481 9408.613044 -1326.872450 1174.796736 -28.141274 1016.776652 6495.978807 -3428.562622 1116.716379 4690.246679 2130.761767 4429.459751 2070.034984 -112.535702 2811.372083 2493.381343 2027.363246 -813.639500 -2538.693222 -1711.000479 -2926.409568 1376.078592 658.438839 6423.134403 -1259.537366 -1886.664640 4510.068270 1569.276248 557.565417 
-1925.313043 -4701.822401 1899.201628 794.499172 288.122941 -4524.980918 -3405.858201 -4821.722016 -1893.913925 8532.925554 -904.208604 9408.045564 -1327.223290 1173.949269 -28.539658 1016.069830 6495.279406 -3428.456601 1116.892555 4689.637301 2129.988708 4430.310639 2070.157153 -112.024758 2811.175685 2494.286851 2026.987104 -813.014959 -2539.471213 -1710.932073 -2925.911394 1375.513837 657.780907 6423.806925 -1259.768054 -1887.367845 4511.040913 1569.428271 557.389764 
-1924.872770 -4701.260397 1899.901850 794.526246 288.650961 -4525.829717 -3406.113263 -4821.607352 -1894.874026 8532.210427 -904.321078 9407.355679 -1326.234133 1174.090092 -28.581332 1015.271226 6494.956675 -3428.964613 1116.143747 4689.173657 2129.515084 4429.883287 2070.947206 -112.464289 2810.242808 2493.955269 2026.846411 -812.362565 -2538.981363 -1710.353777 -2925.975721 1376.493036 657.588470 6423.979638 -1260.365616 -1886.584845 4510.590948 1568.673671 556.912154 
-1924.313493 -4701.676140 1899.184657 793.796136 288.568411 -4526.508042 -3405.122345 -4821.534849 -1894.760781 8532.233757 -905.266742 9407.031373 -1325.579285 1174.275042 -29.314113 1016.028579 6494.997472 -3429.616342 1116.232349 4690.165502 2129.423471 4429.427233 2070.574784 -111.656009 2809.847279 2493.920221 2025.928626 -813.134631 -2538.628009 -1709.825520 -2926.072211 1377.066195 658.402214 6423.210992 -1260.861535 -1886.988884 4511.260602 1568.058424 556.496181 
-1924.135111 -4702.385395 1898.502647 794.457248 288.341539 -4527.223206 -3404.321698 -4821.506674 -1895.359254 8531.280476 -905.310527 9407.330266 -1325.305340 1173.349243 -29.574593 1016.039261 6494.798571 -3430.596304 1115.945148 4689.782738 2130.301541 4428.917209 2071.242317 -112.198479 2809.587730 2494.873318 2026.084322 -812.887122 -2538.266928 -1708.926432 -2925.262046 1377.197327 657.830866 6424.014142 -1261.401694 -1886.737532 4511.477653 1567.601021 555.633816 
-1923.680148 -4702.436039 1899.391716 793.722296 287.681479 -4527.067750 -3404.427116 -4820.677886 -1894.809712 8531.389622 -904.886513 9408.229321 -1326.279056 1173.536293 -29.444627 1015.089381 6494.551180 -3430.405186 1115.004941 4689.918678 2130.613841 4429.268336 2072.176509 -112.135272 2809.310574 2495.704555 2025.602420 -812.715720 -2537.498821 -1708.309478 -2925.337868 1376.362463 658.376074 6424.923806 -1261.059553 -1886.973009 4510.713451 1567.247592 556.173337 
-1924.661487 -4702.626072 1899.421057 794.363147 286.930959 -4526.906411 -3405.217630 -4820.169161 -1894.468703 8530.582199 -904.414109 9408.582736 -1326.424844 1173.140589 -30.351360 1014.523002 6495.329357 -3430.133791 1115.286180 4690.286412 2129.727457 4429.356046 2071.584547 -111.334093 2810.139955 2495.876004 2025.070693 -813.601682 -2537.038310 -1708.254705 -2924.411908 1376.600009 658.669622 6425.258506 -1260.610078 -1886.144789 4511.480051 1567.089698 556.795747 
-1924.252625 -4702.071608 1900.145903 795.090787 287.012430 -4526.225307 -3404.612271 -4820.609679 -1893.805767 8530.481604 -903.419319 9408.599294 -1326.234003 1172.159256 -30.375137 1014.931807 6495.355584 -3431.046036 1115.196770 4689.295261 2129.825570 4428.812294 2071.517493 -110.497530 2811.029434 2495.870918 2025.527640 -813.393526 -2537.747844 -1707.581480 -2924.524607 1376.510808 657.680005 6424.799833 -1261.494979 -1886.063739 4512.299606 1567.607552 557.041017 
-1923.269054 -4701.891885 1900.128939 795.037446 286.168103 -4526.758474 -3404.849468 -4821.580167 -1893.762286 8529.777512 -903.962031 9409.057243 -1327.173413 1172.455867 -30.203291 1015.489191 6495.596575 -3430.251525 1115.072628 4688.305745 2129.899363 4429.010470 2072.057494 -109.679528 2810.444957 2495.062499 2025.597254 -814.226744 -2537.324262 -1707.226058 -2925.006631 1376.912342 656.901274 6424.199301 -1260.834498 -1885.613045 4512.409154 1568.475957 557.524619 
-1923.873746 -4701.126521 1899.908562 795.958674 285.891982 -4526.484435 -3403.960274 -4821.306436 -1894.128898 8529.849833 -904.571456 9409.846781 -1327.404832 1173.373242 -30.527125 1016.171600 6495.718715 -3430.972219 1115.335706 4687.394535 2129.582366 4429.600536 2072.139545 -110.482703 2810.183271 2495.885123 2026.102041 -815.046438 -2537.538138 -1707.757432 -2924.602475 1376.002675 656.805552 6424.198395 -1261.517950 -1884.883050 4512.624468 1569.121408 558.257445 
-1923.877854 -4700.760095 1898.978124 795.292407 286.119663 -4525.774329 -3404.150654 -4822.286962 -1894.080706 8530.753767 -904.855446 9409.527012 -1327.710572 1173.102113 -29.614430 1015.394782 6496.346870 -3430.927776 1116.287901 4687.254639 2129.310786 4430.237100 2072.137227 -111.253924 2811.000448 2496.376844 2026.402763 -815.006919 -2537.787332 -1706.789785 -2924.398187 1375.024532 656.766767 6424.533141 -1262.079829 -1884.126586 4512.475506 1569.529565 557.356769 
-1923.461425 -4700.195631 1899.690842 794.349749 286.364622 -4526.001025 -3403.462889 -4821.917054 -1893.456089 8530.680432 -903.858361 9409.505948 -1327.795941 1173.112884 -28.618139 1014.792528 6496.318223 -3430.129985 1116.020970 4688.180510 2129.578201 4430.476876 2071.594657 -110.448862 2810.797315 2497.350440 2026.298608 -814.369904 -2537.264638 -1706.223214 -2924.841922 1374.537289 656.014641 6423.838340 -1261.602388 -1883.588718 4512.539416 1570.525679 557.417358 
-1922.604752 -4700.217525 1900.206239 793.667925 287.079611 -4526.155644 -3403.683341 -4822.889966 -1893.386505 8530.934503 -904.310837 9410.360766 -1327.090234 1172.659520 -28.073678 1015.584302 6496.861300 -3429.850411 1115.396163 4688.712173 2129.006404 4430.016859 2071.801053 -109.585273 2810.307755 2498.168434 2025.996589 -814.039215 -2538.115797 -1706.630857 -2924.920024 1373.621615 655.620381 6423.580853 -1262.479226 -1883.994742 4512.249847 1570.496720 556.460639 
-1923.422639 -4700.561621 1900.667388 794.410038 287.238943 -4525.504581 -3402.989076 -4822.504915 -1892.778450 8531.614576 -903.745306 9409.894209 -1326.904847 1172.913537 -27.124411 1016.387991 6496.378280 -3429.502883 1115.494909 4689.702193 2128.905863 4429.313732 2071.090358 -109.608185 2811.304174 2498.186696 2026.079147 -813.144737 -2537.681412 -1706.524945 -2925.134663 1373.027837 656.395854 6423.325814 -1262.113183 -1884.889710 4511.639528 1571.276124 556.602205 
-1923.357746 -4700.886003 1901.611086 795.343128 286.992961 -4525.242216 -3403.859322 -4822.805847 -1892.388434 8531.491857 -904.292406 9409.066186 -1327.318072 1173.737081 -26.735797 1016.690808 6495.644248 -3430.110747 1114.539279 4689.790485 2129.186891 4429.292828 2071.647550 -108.778064 2812.075789 2497.789109 2025.582624 -812.425450 -2538.153259 -1706.015055 -2925.766749 1372.850717 657.150238 6422.630221 -1262.129518 -1885.607960 4512.323292 1571.985389 556.430714 
-1923.990499 -4700.135943 1901.418646 794.660218 287.143995 -4524.527498 -3403.168882 -4822.403142 -1891.787500 8531.401757 -903.298115 9409.009025 -1327.529702 1173.483106 -27.679571 1017.679120 6495.499845 -3430.061883 1113.577904 4689.555275 2129.329840 4428.447860 2072.178545 -108.841891 2812.106105 2497.277236 2024.724098 -813.275006 -2538.656306 -1706.173796 -2925.140992 1372.133457 657.456776 6422.827577 -1262.274951 -1886.577444 4513.220953 1571.560245 556.546716 
-1924.387570 -4701.037167 1901.592226 795.372716 287.308123 -4523.845289 -3403.349586 -4822.310161 -1890.808367 8532.191648 -903.751271 9408.595840 -1328.352875 1173.530008 -27.113721 1017.320801 6496.212962 -3430.664438 1114.239500 4688.805473 2129.320529 4427.651557 2072.321288 -108.254077 2812.731729 2496.852878 2025.378709 -813.073068 -2538.695717 -1707.152401 -2925.896954 1371.506681 657.645650 6421.928994 -1262.636133 -1886.328252 4514.126267 1571.965811 556.672905 
-1924.774773 -4701.931667 1901.815707 794.492069 287.302149 -4523.371553 -3403.564150 -4823.283763 -1890.730503 8531.301183 -903.859024 9408.153730 -1329.181696 1172.979627 -27.214400 1018.251197 6495.894455 -3430.845869 1113.744353 4687.939238 2129.253691 4428.109135 2071.436207 -108.168909 2811.811040 2496.832626 2025.768480 -812.448106 -2539.372241 -1707.541938 -2926.007628 1370.644044 657.152082 6421.939233 -1261.643416 -1886.208217 4514.958392 1572.248008 556.195483 
-1924.914562 -4701.193575 1902.475767 794.689958 288.064579 -4523.987620 -3404.235513 -4822.609073 -1890.423800 8530.741350 -904.468520 9407.592391 -1329.036102 1172.810771 -26.239572 1018.699682 6495.720594 -3429.969152 1114.127259 4688.311180 2128.408090 4427.496979 2071.580096 -108.946443 2811.135563 2497.446137 2025.359413 -812.244402 -2538.852626 -1708.371700 -2925.225314 1371.234485 656.953677 6421.454930 -1260.771301 -1886.138465 4514.788510 1571.295395 555.943157 
-1925.044487 -4702.138503 1902.776152 793.782195 288.357049 -4524.288333 -3404.018590 -4821.633337 -1890.453522 8530.644563 -903.478067 9407.494237 -1329.305499 1172.043248 -26.821236 1018.222520 6495.913881 -3429.111856 1113.906785 4689.026594 2127.745086 4427.097185 2070.927298 -108.303000 2810.473595 2496.725600 2025.565869 -811.346114 -2538.413967 -1708.397338 -2925.128736 1370.517396 657.643935 6421.158649 -1259.968720 -1886.656231 4514.303135 1570.884361 556.714819 
-1924.558466 -4702.809835 1903.335702 794.552760 288.976635 -4524.437809 -3403.156428 -4821.304115 -1890.838606 8529.897019 -902.965551 9407.916736 -1328.363952 1172.371920 -26.895153 1017.790326 6496.486153 -3429.808787 1112.966942 4688.785095 2127.503482 4426.881746 2070.147900 -108.891325 2809.640994 2496.954276 2025.061406 -810.599362 -2539.013402 -1708.109172 -2925.444128 1371.036742 658.438169 6421.674546 -1259.844314 -1885.808662 4514.388727 1570.022096 557.213991 
-1924.083309 -4702.414366 1902.549681 794.856526 289.227717 -4523.518742 -3403.650155 -4820.720429 -1891.483234 8529.351813 -903.111934 9408.742159 -1328.601892 1171.898921 -26.046827 1017.163346 6496.958570 -3429.189336 1113.663337 4688.771519 2126.785952 4426.241972 2070.311746 -109.642220 2809.986211 2497.462776 2024.272576 -811.061424 -2538.748542 -1707.262799 -2925.868419 1371.509667 659.210386 6422.016107 -1260.353681 -1885.018800 4515.122256 1569.430027 556.880240 
-1923.735229 -4701.812944 1901.830563 793.901327 288.939657 -4523.450809 -3404.278774 -4820.014530 -1891.156825 8529.434161 -902.193037 9408.356351 -1328.800341 1171.181103 -26.714176 1018.025681 6496.853838 -3428.693949 1113.267359 4687.896963 2127.065868 4426.096609 2070.152765 -110.618741 2810.395708 2498.336082 2024.008667 -811.492122 -2538.582801 -1706.375652 -2926.730989 1371.969780 658.999985 6421.049896 -1260.097356 -1885.045913 4515.492948 1569.457251 557.808597 
-1923.816547 -4701.487043 1900.888662 793.434839 289.644189 -4523.985621 -3403.859786 -4820.619605 -1890.479822 8530.106574 -901.453494 9408.325762 -1328.336674 1171.243744 -27.597969 1018.291525 6497.729857 -3429.096338 1114.240651 4687.686582 2126.973992 4426.986774 2070.541779 -110.381522 2810.398740 2498.052552 2024.967625 -810.826899 -2538.985565 -1705.746955 -2925.962566 1372.493592 659.367608 6420.166447 -1260.372728 -1884.666851 4515.342880 1569.609986 558.785404 
-1924.215996 -4702.379797 1901.097062 794.046513 290.212911 -4523.435704 -3404.537927 -4821.025704 -1891.092364 8530.457484 -900.643129 9408.794986 -1327.766865 1172.064510 -27.638726 1019.251071 6497.500028 -3428.933706 1113.858345 4687.493846 2127.877704 4426.392335 2071.075268 -110.983213 2811.359245 2498.319940 2024.890591 -810.614451 -2539.960451 -1705.813751 -2925.680636 1373.194207 658.712128 6419.498031 -1261.110718 -1884.574169 4515.923644 1568.808271 558.926707 
-1924.664072 -4702.953208 1900.411184 793.623434 290.617345 -4524.246528 -3405.179922 -4820.324839 -1890.781508 8530.033703 -900.884942 9409.667876 -1328.406368 1172.808392 -27.832824 1019.706548 6496.789285 -3428.397622 1114.157265 4686.576718 2127.614032 4425.418957 2070.847385 -111.007801 2811.010726 2497.568984 2024.329698 -809.671074 -2540.256533 -1705.664169 -2926.324960 1373.087549 657.954849 6418.768555 -1261.791217 -1884.643357 4515.258982 1568.756921 559.672085 
-1925.656077 -4703.079388 1900.413101 794.511328 290.168379 -4524.346891 -3404.746173 -4820.923026 -1890.107688 8530.305153 -900.191134 9410.334918 -1328.384388 1173.766061 -28.119857 1019.418269 6497.050513 -3427.476398 1113.405541 4686.261821 2128.193472 4424.915599 2071.060708 -111.845132 2810.696405 2496.639524 2024.136553 -809.620318 -2540.150576 -1704.671095 -2926.915846 1373.351980 658.717037 6418.723970 -1260.977383 -1885.222741 4514.589973 1569.036530 560.360740 
-1926.616513 -4703.336604 1900.519883 795.413393 290.591271 -4524.433147 -3404.917107 -4821.907983 -1890.082377 8531.183178 -900.642952 9410.177020 -1329.172028 1174.012387 -27.555104 1018.874253 6496.370437 -3427.967869 1113.491151 4685.759282 2129.053778 4425.068950 2072.048850 -111.852831 2811.373543 2496.587923 2024.870598 -810.480935 -2540.310834 -1704.187714 -2927.463615 1372.818197 659.361261 6419.114327 -1260.130090 -1885.582903 4514.855924 1569.913249 559.959948 
-1926.241745 -4702.606409 1901.091165 794.917789 290.766886 -4523.582538 -3404.732073 -4822.017018 -1891.059041 8530.513171 -901.319888 9410.481729 -1329.253666 1173.267012 -28.216731 1019.755302 6496.091984 -3427.585485 1113.436443 4686.280838 2129.905239 4424.514518 2072.340251 -112.632375 2812.077857 2495.945539 2024.568466 -809.808557 -2540.484124 -1703.468076 -2927.843807 1371.898422 659.263956 6418.522428 -1260.057215 -1884.780192 4515.782261 1569.612999 559.732466 
-1926.872670 -4701.868854 1900.850443 795.905321 290.614411 -4523.543396 -3405.261261 -4822.722084 -1890.586980 8530.745426 -902.274717 9410.296367 -1330.113193 1173.615821 -28.590289 1020.536456 6496.187037 -3428.202545 1113.902662 4686.952925 2130.480513 4423.689895 2071.891596 -112.976912 2811.657055 2495.319140 2023.912303 -810.751448 -2540.653905 -1703.181491 -2927.565295 1370.948245 659.403935 6418.416491 -1260.904321 -1884.259435 4515.623991 1569.745401 560.710944 
-1927.269811 -4702.757924 1901.078115 795.326947 290.003629 -4523.002629 -3405.066232 -4822.848624 -1891.559580 8530.868010 -903.264250 9410.372507 -1330.065753 1172.672173 -28.262756 1020.087435 6495.339070 -3428.484202 1114.809604 4686.630399 2130.209529 4424.194581 2072.479320 -113.609266 2811.974135 2494.941283 2024.782179 -810.978876 -2541.356254 -1702.506967 -2928.560798 1370.882633 659.335598 6418.248632 -1260.025962 -1883.811877 4515.784499 1570.731938 560.742276 
-1927.277808 -4702.449694 1900.126836 796.099128 289.381184 -4523.130294 -3406.042767 -4822.968544 -1891.738458 8531.568200 -903.734503 9410.909719 -1330.053844 1171.994995 -27.527033 1019.228122 6495.620542 -3428.911230 1115.516627 4686.506597 2130.905799 4424.137114 2073.477214 -113.639336 2811.224845 2494.470470 2024.316455 -810.616426 -2542.093358 -1701.936609 -2928.874022 1370.734802 660.273701 6417.809117 -1260.422935 -1883.006123 4515.544904 1571.558320 561.251871 
-1926.288950 -4702.301613 1900.111599 795.754858 288.902068 -4522.322875 -3405.389696 -4823.651328 -1892.066030 8532.247354 -903.175519 9410.434024 -1330.715891 1171.583320 -26.900761 1020.048868 6496.158438 -3429.103697 1115.714185 4687.349378 2131.406489 4424.759194 2073.316030 -112.873154 2811.591161 2494.058733 2025.150892 -810.568152 -2542.605201 -1701.078887 -2928.206608 1371.460015 660.104514 6417.483128 -1259.525948 -1883.304694 4514.867009 1571.176563 560.623603 
-1926.310721 -4701.943728 1899.178087 796.087620 288.256156 -4523.009946 -3406.102184 -4824.052361 -1892.641819 8532.048059 -902.935180 9411.384034 -1331.441704 1172.051005 -27.405207 1020.731332 6496.503887 -3429.747831 1115.722176 4687.728168 2130.481041 4425.190824 2072.577081 -113.390503 2811.994900 2494.703361 2025.800083 -811.185024 -2543.271796 -1701.497361 -2927.523630 1372.108558 660.440568 6417.738767 -1258.569324 -1883.164982 4514.236782 1570.975154 561.373435 
-1926.622886 -4702.706916 1898.612316 796.163190 287.961362 -4523.962514 -3406.758456 -4823.334862 -1892.408361 8532.065052 -902.336751 9412.185030 -1332.330366 1172.506855 -27.455020 1020.096321 6497.186454 -3429.386080 1114.774107 4687.877000 2130.762135 4424.889069 2071.892715 -114.054271 2812.317082 2493.756965 2025.777001 -811.208534 -2543.554612 -1702.456247 -2928.300661 1372.554997 659.996817 6416.872465 -1258.074451 -1883.232965 4513.742352 1570.453687 562.068857 
-1926.637508 -4703.098691 1899.532261 795.511087 288.698926 -4524.137902 -3405.855839 -4823.079333 -1892.754753 8532.675708 -901.796112 9412.763655 -1332.172369 1171.676478 -27.989353 1020.173823 6497.669781 -3428.514078 1114.094264 4688.437378 2130.289071 4425.197857 2072.043755 -114.993333 2812.647174 2493.707435 2024.834352 -810.293625 -2543.933654 -1702.595058 -2928.284602 1373.079344 660.848170 6416.382415 -1258.386120 -1884.047038 4512.854309 1570.031196 562.250190 
-1925.840160 -4703.692045 1899.642563 795.362245 289.588585 -4524.569588 -3404.882108 -4822.922324 -1892.589846 8533.643809 -901.546024 9412.779074 -1331.392187 1172.118147 -28.432348 1020.772376 6497.847986 -3427.733067 1114.236054 4689.411984 2130.115757 4425.899994 2071.655408 -115.590150 2812.219387 2492.972007 2024.308859 -810.544237 -2543.722388 -1703.539812 -2929.172761 1372.822686 660.466988 6416.874796 -1259.256026 -1884.075736 4512.421350 1569.146319 562.078320 
-1925.673281 -4702.726399 1899.443368 795.251825 288.768218 -4525.130664 -3404.383345 -4822.195104 -1893.061424 8533.677690 -901.481322 9413.776403 -1330.949337 1172.998315 -28.603191 1019.895044 6498.286240 -3427.537559 1114.024515 4690.105812 2130.804128 4425.902965 2070.657375 -115.527537 2813.204217 2492.851225 2024.433439 -809.548201 -2543.673166 -1703.613898 -2928.706780 1371.997222 660.785535 6416.504776 -1259.331551 -1883.149787 4512.949684 1569.338110 561.251229 
-1925.249880 -4702.167974 1900.156736 795.297298 289.269677 -4525.994650 -3404.677847 -4823.000660 -1893.575572 8533.416898 -902.360127 9413.376792 -1330.858920 1172.843051 -27.619464 1020.010282 6498.926761 -3428.296803 1114.720301 4690.556606 2131.363294 4425.775678 2070.277295 -114.611384 2812.999974 2492.954333 2025.406914 -809.942348 -2544.329538 -1704.257189 -2928.317559 1371.111484 661.038467 6416.045452 -1258.511581 -1882.808218 4513.426945 1568.498156 560.992965 
-1924.827660 -4701.581872 1900.848266 794.568013 289.192114 -4526.674449 -3404.217022 -4823.602559 -1892.923377 8532.687516 -902.814517 9412.865389 -1330.898343 1173.791119 -27.935080 1019.319393 6498.897608 -3429.019176 1115.098265 4690.932046 2130.517015 4426.290300 2069.633672 -115.177877 2813.063890 2492.242699 2026.106552 -810.151411 -2544.655289 -1703.335138 -2928.074989 1371.537852 661.909885 6415.997230 -1258.680393 -1881.823750 4512.637220 1568.290687 561.570279 
-1925.448441 -4700.831900 1900.619852 793.871292 289.442043 -4526.002054 -3404.008024 -4823.694313 -1893.896979 8532.586422 -903.546491 9413.539180 -1330.991803 1173.998574 -28.908850 1019.459351 6499.436683 -3429.849724 1115.837608 4691.399123 2131.002002 4425.335323 2069.403441 -114.990756 2812.486468 2492.766267 2026.733018 -810.944030 -2544.593335 -1703.941700 -2928.742868 1371.925760 662.545073 6416.854624 -1258.889658 -1882.293945 4512.445498 1568.677596 560.668312 
-1925.825677 -4701.729653 1900.847300 794.580938 289.547395 -4525.305416 -3403.032571 -4823.593282 -1893.701314 8532.385882 -904.189170 9414.278603 -1330.200100 1174.609128 -28.888105 1020.002985 6499.304636 -3430.678594 1116.171945 4692.214743 2130.529792 4424.670485 2069.334688 -115.734572 2813.319676 2493.187091 2026.374310 -811.098181 -2544.437647 -1702.965996 -2928.116086 1371.211806 662.857186 6417.128443 -1257.928132 -1882.271761 4512.309798 1567.699393 560.825488 
-1925.230606 -4702.491210 1901.104054 793.819027 288.920338 -4525.143270 -3403.456277 -4822.981900 -1894.369659 8532.967417 -904.950588 9414.565063 -1330.830930 1174.661253 -29.662272 1020.171139 6500.290396 -3430.677173 1115.214110 4692.183717 2130.815429 4425.596297 2069.645631 -115.949480 2814.247880 2493.476060 2026.608692 -811.544230 -2545.219769 -1703.401110 -2927.768130 1372.132886 662.682432 6416.571770 -1257.291753 -1881.737780 4511.667208 1568.299512 561.301865 
-1925.773263 -4702.054944 1901.821825 793.637959 289.903666 -4525.126544 -3402.755843 -4822.628047 -1893.749835 8533.946971 -904.750315 9414.545939 -1330.032340 1175.262222 -29.629249 1019.260646 6500.671267 -3430.838230 1115.705972 4693.046626 2130.931443 4426.559527 2069.855318 -116.117469 2815.089348 2493.121958 2026.200594 -812.231635 -2544.809361 -1702.801910 -2927.968491 1373.095846 662.501979 6416.535316 -1257.254885 -1882.736435 4511.060550 1567.779707 560.700392 
-1925.426445 -4701.146806 1901.587301 792.931028 290.210845 -4525.763639 -3402.097297 -4822.181693 -1893.143960 8533.913277 -904.226458 9415.397078 -1329.679887 1176.115415 -30.013746 1019.720594 6500.157865 -3431.562706 1116.254636 4693.114173 2130.098133 4426.877083 2070.461473 -115.388268 2815.909522 2493.146081 2026.772199 -813.042626 -2544.391868 -1703.211778 -2927.409601 1372.920630 661.691459 6417.169480 -1256.482358 -1882.704199 4510.117781 1567.535955 560.472860 
-1925.566308 -4700.386256 1902.221338 793.755591 290.403962 -4526.295429 -3402.574865 -4821.629462 -1893.827312 8532.988260 -904.041119 9415.065425 -1330.640101 1176.101804 -29.734814 1019.130733 6499.448576 -3431.176735 1115.931363 4692.902245 2129.175864 4427.692444 2070.019619 -115.014168 2816.453302 2493.918256 2026.443491 -813.551722 -2544.993423 -1703.827369 -2927.408689 1373.844825 662.073378 6417.788991 -1256.778612 -1883.431138 4509.553418 1568.146164 561.028863 
-1924.572965 -4700.275922 1902.254446 794.686390 290.065851 -4526.156524 -3402.767543 -4821.492265 -1892.855689 8532.506181 -903.307078 9415.543738 -1331.248968 1176.890648 -29.818518 1018.560178 6498.908689 -3431.795595 1115.771064 4692.313255 2128.383781 4428.033995 2070.958703 -115.052433 2816.988455 2493.724187 2025.621331 -812.603276 -2544.787350 -1704.068170 -2928.156174 1374.070136 662.698279 6418.185592 -1257.696195 -1883.403789 4509.034233 1568.998529 561.091480 
-1925.017983 -4700.255025 1901.359168 795.370158 289.855562 -4526.855266 -3403.225340 -4820.907498 -1893.525368 8531.630050 -902.936251 9415.851767 -1332.036480 1176.276313 -29.867696 1018.448524 6498.653692 -3430.835121 1115.940288 4691.517776 2128.965655 4428.974026 2070.931208 -115.392412 2817.827784 2494.009541 2025.158621 -812.063451 -2544.052846 -1703.656962 -2927.283661 1374.537912 662.839369 6418.134135 -1257.250439 -1884.297463 4509.076806 1569.948589 561.400632 
-1925.027771 -4699.906318 1900.421987 796.047575 289.620766 -4527.552386 -3402.761979 -4820.543762 -1894.333448 8532.395032 -902.311244 9415.696302 -1331.453353 1175.471875 -29.754367 1017.635296 6498.461322 -3431.384351 1116.487089 4691.610374 2129.797781 4429.563073 2070.716804 -114.613275 2817.104345 2493.558895 2024.635598 -811.953279 -2544.224341 -1704.635967 -2926.339673 1374.591316 662.513741 6418.973617 -1257.180947 -1883.758536 4509.793266 1569.909856 562.097183 
-1924.434985 -4700.677238 1900.654983 796.792948 289.737964 -4526.896122 -3403.717772 -4820.299516 -1894.169729 8532.128098 -902.387018 9414.735571 -1330.815265 1175.437643 -28.985165 1017.677518 6498.116112 -3430.446776 1116.068251 4690.792140 2130.191567 4429.978208 2071.003789 -115.476584 2816.150667 2493.553108 2024.334824 -811.569088 -2544.945635 -1705.212275 -2925.662309 1375.182232 662.075567 6419.289425 -1257.168075 -1882.809800 4509.962653 1569.460963 561.219799 
-1924.027759 -4699.793594 1900.424029 797.557920 289.868561 -4526.265438 -3403.448076 -4820.594138 -1895.086496 8532.640780 -903.222000 9414.535665 -1330.005693 1176.022225 -28.931724 1016.906249 6497.572621 -3430.778078 1117.014247 4690.663553 2129.893983 4430.960568 2070.934794 -115.302780 2816.568080 2494.377939 2023.953483 -810.695415 -2544.459124 -1705.214147 -2925.485924 1375.703989 662.910227 6419.735525 -1256.281851 -1882.684900 4510.426726 1568.681293 560.799381 
-1924.120054 -4699.447404 1899.490416 798.376630 289.651100 -4525.734001 -3403.121447 -4821.449481 -1894.684373 8533.459674 -903.193038 9413.962451 -1330.594785 1176.825734 -29.017413 1016.525921 6497.297084 -3429.895224 1117.813305 4690.063464 2129.856567 4431.899059 2070.606800 -115.194824 2816.493446 2494.312805 2024.948565 -810.895683 -2545.058857 -1705.988881 -2924.926984 1375.914929 662.108297 6419.755258 -1255.900049 -1883.608934 4509.957535 1568.405926 559.960314 
-1924.494097 -4700.356707 1899.672788 797.756621 288.867180 -4525.766516 -3403.152149 -4822.356533 -1895.104270 8533.623438 -903.718511 9413.127550 -1330.774818 1176.178937 -28.276305 1016.350982 6496.698070 -3430.676619 1118.575623 4690.287356 2130.463809 4432.500365 2070.497888 -115.986386 2815.822779 2494.995282 2024.657995 -811.152500 -2544.093612 -1706.037321 -2924.368614 1375.262729 661.595600 6419.745178 -1256.597428 -1884.325566 4509.106156 1568.849258 559.679941 
-1925.487764 -4700.469061 1899.670996 797.592921 288.027673 -4526.284619 -3403.796150 -4822.260376 -1895.863227 8533.262983 -904.412030 9413.751331 -1331.362170 1176.979946 -28.392069 1016.980218 6496.790190 -3431.448355 1119.015277 4690.591412 2131.308945 4431.861261 2069.800899 -116.311581 2815.980226 2495.267014 2025.607401 -811.722353 -2543.581045 -1705.395026 -2923.724363 1375.816843 662.122760 6419.783667 -1257.149587 -1885.158416 4509.358701 1567.988491 559.238014 
-1926.052914 -4700.039962 1900.375609 796.674761 288.334224 -4526.535631 -3403.792587 -4823.107371 -1895.331639 8532.373253 -904.579237 9413.326569 -1331.431559 1176.239438 -29.060525 1017.827120 6497.204068 -3431.114497 1118.333722 4689.860235 2131.338311 4431.655059 2068.952724 -115.823647 2816.806137 2494.743523 2025.816755 -810.879455 -2543.053490 -1705.289161 -2924.105623 1376.573078 662.654502 6420.597154 -1256.592470 -1884.991503 4509.318116 1567.553671 558.338411 
-1926.647017 -4699.609354 1901.055034 797.435171 288.955315 -4526.725429 -3404.471374 -4823.100160 -1894.597339 8533.125952 -904.702612 9412.679868 -1331.592736 1175.572078 -28.333440 1017.899363 6496.386368 -3431.685590 1117.536005 4689.644879 2130.775044 4431.101876 2069.695537 -115.446530 2817.463668 2494.415542 2026.495048 -811.214455 -2543.564218 -1704.497371 -2923.468519 1376.833350 661.928996 6419.986923 -1256.192421 -1885.675301 4510.181258 1567.850292 557.929753 
-1927.084784 -4700.170931 1900.352901 797.345128 288.112278 -4527.255694 -3405.145994 -4822.440475 -1894.266124 8532.886314 -905.653441 9412.876077 -1331.608690 1174.821135 -28.993614 1018.847779 6496.069368 -3431.681476 1118.337840 4689.049168 2130.728241 4430.352144 2070.179760 -114.995498 2817.802164 2494.907858 2025.693146 -811.737611 -2542.763981 -1704.790508 -2922.493863 1376.756801 662.139201 6420.738766 -1256.767523 -1885.997776 4510.115985 1567.764407 556.935588 
-1926.526475 -4700.608046 1899.647762 798.004985 288.131695 -4528.006835 -3406.128188 -4822.538344 -1894.426489 8532.564664 -905.458567 9413.802665 -1331.783031 1174.136870 -28.285528 1019.243853 6495.769001 -3430.813774 1117.708259 4689.046113 2129.951313 4429.416968 2069.839813 -115.094907 2818.041658 2495.232191 2026.608269 -812.457982 -2542.730408 -1704.097732 -2922.848741 1375.957766 662.624592 6420.398419 -1256.885064 -1886.930701 4509.231455 1567.522215 557.334273 
-1925.907375 -4701.356240 1899.886344 797.242759 288.688349 -4528.337212 -3405.497976 -4823.243905 -1894.750551 8533.560953 -905.378465 9413.834152 -1331.748431 1173.202167 -27.931785 1019.514400 6496.674254 -3431.141375 1118.592692 4689.423449 2129.676731 4428.647269 2069.212442 -114.976720 2817.370069 2495.650719 2027.219663 -812.958489 -2543.554689 -1703.833055 -2922.184982 1375.304351 662.988558 6419.870194 -1256.574590 -1887.721007 4508.258221 1567.749654 557.301313 
-1926.463785 -4700.966728 1900.620299 796.634592 287.991182 -4527.957618 -3405.712600 -4824.216508 -1894.661229 8534.427027 -905.594163 9413.383163 -1331.678849 1173.955809 -27.278194 1018.813435 6496.640444 -3430.428981 1119.257016 4689.006593 2130.297137 4427.983590 2069.421130 -114.258403 2818.298875 2495.498945 2027.557721 -813.344580 -2544.206555 -1704.485745 -2921.945330 1376.105818 663.536478 6419.883814 -1256.361893 -1888.698031 4508.359630 1567.954111 558.274921 
-1926.436671 -4701.309311 1901.559395 796.593017 287.467483 -4527.106729 -3404.985485 -4823.840497 -1894.086843 8534.643249 -906.565005 9413.279654 -1331.637348 1174.698462 -26.609805 1018.785200 6497.544088 -3430.856335 1119.463514 4688.335961 2129.584669 4427.863698 2068.595741 -114.810091 2818.447009 2495.361465 2028.537086 -812.715378 -2543.858917 -1705.180908 -2921.571693 1376.996751 663.794615 6418.906440 -1256.543116 -1888.807116 4507.721290 1567.238401 557.991581 
-1926.560252 -4700.549839 1902.198089 795.925262 288.199242 -4527.243228 -3405.193707 -4823.770888 -1893.111242 8534.344340 -906.062702 9412.468269 -1332.516791 1174.445776 -27.013202 1018.223936 6497.357008 -3430.050119 1118.520173 4688.446720 2129.897463 4427.553396 2068.809732 -115.736331 2819.402710 2495.281803 2028.820441 -813.462072 -2544.445167 -1705.495167 -2920.930099 1377.202747 663.055748 6418.414475 -1255.673073 -1888.775556 4508.402572 1566.716457 557.478328 
-1925.945158 -4701.291095 1902.466788 795.194592 288.119606 -4527.921299 -3404.530813 -4824.449069 -1893.428484 8533.633685 -906.336432 9411.820164 -1332.611272 1173.690560 -27.661833 1018.718944 6496.748673 -3429.429719 1117.626925 4688.051474 2130.111682 4427.426843 2067.877483 -115.397366 2819.969051 2495.628383 2029.568198 -813.912788 -2545.003504 -1704.798665 -2920.692653 1377.495491 663.981988 6417.727966 -1255.000130 -1889.050971 4508.428332 1565.872368 558.013912 
-1926.918450 -4701.363900 1902.684508 794.824998 288.978792 -4528.275133 -3403.561392 -4824.318899 -1893.220445 8533.129237 -905.493569 9411.632776 -1333.267570 1172.956845 -27.485948 1019.267563 6497.402594 -3429.950685 1117.426605 4688.656075 2130.882610 4426.641108 2068.395232 -115.058906 2820.304506 2494.850652 2030.099803 -814.846585 -2544.993839 -1705.156336 -2920.265052 1378.230267 663.455433 6418.021050 -1254.201315 -1889.576324 4509.401160 1565.829679 557.786351 
-1926.377369 -4702.204265 1902.652599 795.269210 288.987845 -4527.379257 -3403.762970 -4824.242767 -1892.243936 8532.194456 -905.512941 9411.987473 -1334.060975 1173.565130 -27.508268 1019.819248 6496.596612 -3430.165248 1117.211989 4689.222600 2131.678216 4427.061113 2069.184711 -114.611335 2819.620892 2494.134842 2029.957368 -814.713258 -2544.758334 -1704.193652 -2919.925365 1377.297317 663.336199 6418.770588 -1254.532862 -1889.003376 4508.810787 1565.127017 557.389206 
-1925.693388 -4702.892547 1902.894335 796.004162 289.077719 -4526.707120 -3404.742112 -4824.362942 -1892.407762 8531.266910 -905.228589 9411.744981 -1333.308199 1173.781452 -26.886549 1020.457025 6496.928320 -3430.860382 1116.671919 4689.347036 2132.510587 4426.118293 2069.170569 -114.278331 2818.796723 2494.358757 2030.477566 -814.393348 -2544.881242 -1703.254210 -2919.501519 1377.463062 662.445759 6418.975048 -1253.779335 -1889.628191 4509.727372 1564.956883 557.027368 
-1926.489542 -4703.174983 1902.359201 796.683788 288.849765 -4527.404361 -3404.897366 -4824.260103 -1891.425255 8530.740200 -905.154453 9410.898174 -1334.125513 1173.331253 -26.526939 1020.254221 6495.949106 -3430.863659 1116.253899 4688.816029 2131.773504 4426.590213 2068.317828 -114.054445 2818.596220 2493.823083 2029.657290 -814.042398 -2544.097035 -1703.765926 -2919.005851 1377.666541 661.601419 6419.689488 -1253.164545 -1889.294113 4510.694348 1565.119572 557.223552 
-1925.629228 -4703.051968 1901.864501 795.961651 288.772325 -4528.091763 -3403.923157 -4824.138718 -1891.235037 8531.649191 -904.739787 9410.940456 -1333.842722 1173.597658 -25.605496 1020.779857 6495.316917 -3430.294410 1115.510172 4688.340525 2131.303646 4425.799235 2067.766257 -113.789638 2818.208996 2494.558726 2029.101515 -814.737682 -2543.503810 -1703.360138 -2918.730258 1377.661399 660.640159 6420.556043 -1253.601209 -1889.052437 4510.359049 1565.457976 556.344315 
-1925.785180 -4703.754996 1901.170650 795.584749 289.236204 -4528.893487 -3402.943027 -4824.022550 -1891.074257 8532.347727 -904.195208 9410.476256 -1333.223069 1173.066276 -26.183133 1021.395126 6496.090852 -3430.444304 1116.445938 4688.221931 2130.971565 4424.973125 2067.685908 -113.231888 2817.350614 2494.386488 2028.618283 -815.413797 -2544.155909 -1703.703118 -2919.325052 1378.405971 660.943197 6420.698901 -1254.588568 -1888.983776 4510.721140 1564.527781 556.404552 
-1924.857084 -4703.407933 1901.305497 795.111012 288.372790 -4529.066951 -3403.388196 -4823.421399 -1891.737915 8532.406422 -904.226706 9409.478477 -1332.298478 1172.748053 -25.973691 1021.808057 6496.144888 -3431.353462 1115.815510 4688.757593 2130.409757 4424.506072 2068.436725 -112.764838 2817.785622 2493.613264 2029.079685 -816.118764 -2543.501826 -1703.428897 -2919.351625 1378.866651 660.056029 6421.195923 -1254.494222 -1889.846370 4511.227292 1563.897180 555.816204 
-1924.068625 -4703.991519 1901.111178 795.889208 287.897952 -4528.655928 -3403.198772 -4823.535434 -1892.713167 8531.715055 -904.788929 9409.932258 -1332.331074 1173.525446 -26.601861 1021.830043 6495.897574 -3432.322148 1114.878560 4688.900297 2130.728755 4423.982973 2067.881265 -113.411237 2818.585876 2493.747651 2028.495276 -815.487361 -2542.975217 -1702.859675 -2918.955511 1379.532227 659.423492 6421.666479 -1254.191120 -1890.675047 4512.127534 1563.911019 555.381035 
-1923.855494 -4704.869028 1900.681582 796.303241 287.419130 -4529.430075 -3402.319019 -4823.236147 -1893.082574 8532.482589 -905.263661 9409.501535 -1331.570695 1172.943254 -26.889745 1021.227989 6496.557907 -3432.771026 1115.608438 4689.364660 2131.230398 4424.375135 2068.734504 -113.755026 2819.404530 2493.669256 2029.064187 -816.471483 -2542.915429 -1702.692552 -2918.195472 1378.938909 659.158323 6421.996689 -1255.066589 -1890.322180 4512.820478 1564.631713 555.360312 
-1923.815915 -4705.659173 1901.293222 796.554265 287.151361 -4528.499868 -3402.478428 -4823.114653 -1892.102866 8532.445120 -905.203718 9410.499033 -1330.800890 1173.579748 -26.937448 1020.435413 6496.025644 -3433.068551 1115.315644 4689.012313 2132.119287 4425.176505 2068.581678 -114.333343 2820.192515 2493.384729 2029.610195 -816.591710 -2543.582833 -1701.957626 -2918.656592 1379.225645 658.318590 6422.537485 -1254.637124 -1891.045436 4512.683122 1565.587308 555.099601 
-1924.333318 -4704.899512 1901.687189 797.282761 287.237982 -4527.820316 -3402.651253 -4823.012869 -1891.123187 8533.163286 -904.697195 9410.021884 -1330.761186 1174.329373 -26.276778 1021.287960 6495.558779 -3433.303498 1114.544065 4688.621436 2132.621165 4424.395672 2069.061175 -114.733823 2819.280317 2493.143631 2029.941506 -817.121973 -2544.367189 -1702.279506 -2918.311392 1378.404324 657.864421 6423.017054 -1255.065424 -1890.279556 4511.940401 1565.388378 554.460231 
-1924.552355 -4705.770148 1902.127661 798.235554 287.202541 -4527.518770 -3402.617588 -4822.669592 -1890.184556 8534.141369 -904.903210 9410.052080 -1330.855896 1174.539503 -27.249853 1020.700565 6495.182210 -3434.019852 1113.912620 4689.386700 2132.746256 4424.021846 2069.960125 -114.505473 2818.569378 2492.482463 2030.181136 -817.515191 -2543.604137 -1702.792469 -2917.523717 1377.932180 657.468633 6423.562427 -1255.088463 -1891.117433 4511.347142 1564.612909 554.244152 
-1924.821946 -4705.715176 1901.166256 797.516284 287.174934 -4526.824589 -3401.739756 -4822.351710 -1890.542834 8533.830728 -904.098360 9409.546396 -1330.971415 1174.763159 -28.217651 1019.931171 6495.126535 -3433.383509 1114.272574 4690.069819 2133.381693 4423.142584 2070.272072 -114.145491 2819.380554 2491.901684 2030.249609 -817.755582 -2543.009823 -1703.559934 -2917.958880 1378.658811 656.936993 6423.852074 -1254.144175 -1890.961148 4511.035861 1564.220528 553.378622 
-1924.877613 -4705.200083 1900.310932 796.762116 286.544040 -4526.642370 -3402.452805 -4822.010868 -1891.155524 8533.113165 -903.653444 9409.010529 -1331.742211 1174.908318 -27.597325 1019.437917 6495.996419 -3433.383692 1114.995427 4689.665028 2132.821668 4423.860520 2070.955906 -114.275640 2818.995815 2492.257901 2031.101128 -817.119722 -2543.183278 -1704.311995 -2918.771570 1379.105937 657.310643 6423.694654 -1253.755287 -1890.053411 4511.100021 1563.531407 554.100423 
-1925.860688 -4705.242730 1900.489100 796.711506 286.021712 -4525.791129 -3402.437613 -4821.667516 -1890.216440 8533.043959 -903.639829 9410.008038 -1332.286701 1175.419342 -26.932205 1018.491257 6496.210607 -3433.624438 1115.944871 4689.708477 2133.132583 4423.251153 2071.645793 -113.884836 2818.980397 2493.007571 2031.762761 -816.753976 -2543.270649 -1705.238600 -2919.368601 1379.537218 656.634217 6424.269935 -1254.269351 -1889.417181 4510.599526 1563.428898 554.960072 
-1926.589364 -4704.630758 1900.181657 796.033826 286.243375 -4525.089975 -3401.589245 -4821.250198 -1889.890685 8533.692898 -903.117689 9410.561436 -1331.737349 1176.063478 -27.464466 1018.961529 6496.825117 -3432.991018 1115.271805 4690.305645 2133.568901 4423.103097 2072.093284 -114.766784 2819.185421 2493.506277 2030.920586 -817.065720 -2544.098403 -1704.772082 -2919.211038 1380.186528 657.378240 6424.858537 -1254.526110 -1890.183746 4511.462084 1562.934807 554.851126 
-1926.782281 -4704.857884 1901.136223 796.785575 286.890372 -4525.217521 -3401.423897 -4821.427578 -1890.860838 8532.951821 -903.589819 9411.038822 -1330.911791 1175.501908 -27.520083 1018.366038 6496.124360 -3432.598170 1114.602823 4691.042377 2133.470475 4423.818323 2072.412858 -115.388333 2820.133731 2493.487227 2030.603814 -816.139795 -2544.377321 -1704.517391 -2920.136185 1380.545455 657.501830 6425.259575 -1254.706081 -1889.285537 4511.307220 1561.994422 555.153935 
-1927.754321 -4704.841349 1901.370454 796.100263 287.124329 -4524.527876 -3401.956285 -4821.264723 -1891.691525 8532.920424 -902.592103 9410.979020 -1330.021612 1175.159945 -27.219014 1018.220601 6497.078286 -3432.335733 1115.024116 4690.688586 2132.635404 4424.449317 2073.103916 -115.035790 2819.909130 2492.922776 2031.398137 -816.411940 -2544.540357 -1703.569047 -2920.837228 1381.139724 657.107644 6425.795165 -1255.458565 -1888.902247 4511.139775 1562.250621 556.105946 
-1927.414220 -4704.225668 1900.659631 797.011138 286.887727 -4524.189754 -3402.284601 -4822.091918 -1892.147548 8532.975679 -902.631923 9409.981342 -1330.144382 1175.346380 -28.193780 1018.421498 6497.882740 -3431.776722 1114.580658 4691.583798 2132.591345 4425.061080 2073.563267 -114.391785 2820.869414 2493.201783 2031.395088 -817.184777 -2545.157691 -1703.421999 -2920.711220 1380.516045 656.336187 6424.824199 -1255.640190 -1888.746568 4510.242833 1562.664747 555.951045 
-1927.465831 -4703.603716 1899.878279 796.879579 287.743162 -4524.690678 -3402.940353 -4821.400787 -1891.843694 8532.979096 -901.637445 9410.086240 -1330.064410 1176.114822 -27.558877 1019.238152 6498.292447 -3431.370254 1114.846740 4692.129663 2131.796844 4425.898401 2073.884693 -114.834028 2820.657653 2492.349674 2031.873698 -816.792646 -2546.013265 -1703.759973 -2920.941491 1379.757924 655.726082 6424.514986 -1255.299624 -1889.634489 4509.652709 1562.261395 556.650373 
-1928.458295 -4703.600049 1899.755802 796.935625 288.579238 -4524.144935 -3403.639622 -4821.794537 -1892.440338 8533.486375 -901.031146 9409.473811 -1329.308551 1175.957994 -28.194551 1019.780686 6497.674820 -3430.800874 1114.479255 4691.529829 2131.086102 4425.493593 2074.432532 -114.101906 2820.294344 2491.697579 2032.539114 -816.086941 -2545.685802 -1703.131682 -2921.737853 1379.655131 655.130061 6423.545989 -1255.281987 -1889.388046 4509.234587 1562.163178 557.553439 
-1928.025413 -4702.741735 1899.480285 796.310839 289.345712 -4524.293799 -3404.122042 -4821.230375 -1893.110406 8534.299056 -901.417316 9409.037437 -1329.397736 1175.214514 -28.857336 1020.478888 6498.383077 -3430.696538 1113.503000 4691.489071 2131.298858 4426.010669 2075.195657 -114.489556 2820.829497 2491.263400 2033.263751 -815.348149 -2545.627316 -1702.460292 -2920.831891 1379.460024 654.754341 6423.704177 -1255.814020 -1890.219862 4509.308983 1562.224579 558.548776 
-1928.067716 -4702.116504 1898.700992 797.178327 289.327638 -4524.790929 -3403.447646 -4820.803125 -1892.508205 8533.681087 -902.054129 9409.498506 -1329.404157 1174.478692 -29.534481 1019.599914 6498.491687 -3430.232203 1113.125532 4690.619371 2131.616885 4426.916307 2075.365275 -114.878206 2821.294909 2490.554854 2033.794180 -815.392434 -2546.613118 -1702.298326 -2921.213647 1378.799621 655.400972 6423.952528 -1256.777067 -1890.324085 4508.495721 1561.797854 558.153160 
-1927.849679 -4701.764888 1899.611391 797.627439 288.436541 -4524.856076 -3403.917848 -4820.212959 -1893.164417 8533.738991 -902.085305 9408.500670 -1330.190931 1173.862589 -29.571932 1018.684127 6498.254986 -3429.907691 1113.755445 4689.861605 2131.787182 4426.747575 2075.992393 -114.117777 2820.501494 2491.007422 2034.201211 -814.476521 -2546.861232 -1701.982825 -2921.016665 1378.688503 656.375062 6424.839753 -1256.808944 -1889.863853 4508.061587 1562.680538 558.333151 
-1926.918852 -4701.521766 1899.884252 798.381177 288.127297 -4525.435944 -3403.688746 -4819.394281 -1893.690989 8532.841252 -901.698014 9408.710597 -1329.593113 1173.289448 -30.132399 1018.323100 6498.765444 -3429.127247 1114.662930 4689.535304 2131.522611 4427.620474 2075.687304 -113.737029 2820.575670 2491.954510 2034.513498 -814.455416 -2546.717321 -1702.972190 -2921.463632 1379.414326 656.897940 6424.010939 -1256.756760 -1889.306768 4507.281911 1562.451542 558.915961 
-1927.477420 -4701.077949 1900.584986 798.185652 287.614565 -4524.599956 -3403.031636 -4818.661425 -1893.514559 8533.039582 -902.640557 9408.979444 -1329.289014 1173.512826 -29.206318 1017.493115 6498.296864 -3429.429831 1115.416717 4690.030295 2131.954803 4427.397311 2076.661861 -113.716134 2821.080427 2492.464973 2033.817332 -815.040903 -2547.315873 -1703.518945 -2922.003495 1378.638486 656.571410 6424.199637 -1257.662894 -1888.928200 4507.250815 1562.097022 557.981430 
-1927.053268 -4700.526566 1901.303367 798.967303 287.365362 -4524.028187 -3402.209392 -4819.228285 -1893.565398 8532.331533 -903.185682 9409.428338 -1329.292163 1174.267686 -28.550439 1017.475530 6498.661007 -3428.498654 1115.766122 4690.390754 2131.089942 4427.592304 2076.236732 -114.600013 2821.675169 2491.917618 2034.406131 -815.401351 -2546.408414 -1703.303084 -2921.929752 1378.379888 657.534576 6424.902521 -1256.958468 -1888.829515 4507.644347 1562.828806 557.424990 
-1927.617674 -4700.402280 1902.119455 798.605905 286.473272 -4524.299418 -3402.663904 -4820.077959 -1893.298055 8531.537037 -902.739141 9409.839892 -1329.237620 1174.983467 -27.854248 1016.831723 6499.009324 -3429.179967 1116.398246 4689.844531 2131.639542 4428.326481 2076.695335 -115.100680 2821.810580 2492.355529 2035.294893 -814.926399 -2546.522088 -1704.175723 -2922.772019 1378.540405 658.049185 6425.293287 -1256.416035 -1888.085830 4506.844474 1562.983564 556.845117 
-1927.861789 -4699.870414 1901.308575 798.921602 286.733534 -4525.211886 -3402.058586 -4820.870749 -1893.226820 8530.620532 -902.834773 9409.451469 -1329.190229 1175.734140 -27.195276 1017.216343 6499.051503 -3430.102078 1116.575257 4689.220353 2130.878576 4427.993630 2076.391345 -115.993317 2821.536876 2491.650551 2035.949180 -815.061297 -2547.084215 -1704.991698 -2922.591318 1378.943038 658.946533 6426.224675 -1256.052684 -1888.063622 4506.462717 1563.410016 557.665117 
-1928.438219 -4700.687530 1901.315615 798.358144 287.202214 -4525.892219 -3402.460546 -4820.662577 -1892.335140 8530.406668 -902.375764 9408.589162 -1328.306048 1175.343152 -27.450915 1016.819444 6499.893401 -3429.736455 1116.777262 4688.626700 2130.099621 4427.510714 2077.063106 -116.555038 2821.452349 2490.796640 2036.462689 -814.076317 -2547.166867 -1705.143300 -2922.066031 1378.485189 659.663783 6426.039546 -1256.873208 -1887.522818 4507.012807 1563.403799 558.500199 
-1928.650032 -4700.230909 1902.179693 797.559939 287.545921 -4525.397513 -3402.625444 -4820.551501 -1891.355104 8531.169359 -902.846088 9408.145204 -1328.093120 1176.196886 -27.926098 1017.093314 6499.905627 -3430.698144 1116.667008 4687.634667 2130.160567 4427.214135 2077.540457 -115.727888 2821.565281 2490.725573 2035.471631 -814.432479 -2547.539334 -1704.286319 -2922.438099 1379.111943 660.348432 6426.345455 -1257.305136 -1886.674374 4507.812967 1563.687285 557.971635 
-1928.937818 -4700.029070 1903.115877 797.923405 286.691578 -4525.026043 -3403.153714 -4819.972469 -1891.976113 8531.971279 -903.246776 9407.702064 -1328.571351 1176.348923 -28.791072 1016.123962 6500.023799 -3430.482756 1117.009111 4687.998167 2129.294060 4428.190405 2077.376302 -115.869135 2820.645973 2490.845885 2035.846330 -813.739009 -2547.364860 -1703.587278 -2921.955003 1379.481449 659.554654 6426.360277 -1256.326452 -1886.469537 4508.375110 1563.488679 557.168796 
-1928.535060 -4700.820746 1903.575263 797.491591 286.691420 -4525.928005 -3404.125988 -4820.136708 -1892.142573 8532.117460 -902.739180 9408.551169 -1328.480779 1175.411865 -28.453850 1016.574849 6500.693674 -3431.072644 1116.996311 4688.956271 2129.007926 4428.372183 2077.484801 -116.846471 2820.564501 2490.350299 2034.981601 -813.361493 -2546.446136 -1703.703158 -2921.309951 1380.244505 659.595314 6427.077324 -1255.638641 -1886.356575 4507.706224 1564.060054 556.693274 
-1929.356567 -4701.338787 1903.813507 796.821304 287.406837 -4526.125220 -3405.000793 -4820.454725 -1891.777085 8531.346542 -902.254124 9408.963971 -1328.093250 1175.606640 -29.354895 1016.680449 6500.598999 -3432.062536 1117.078978 4688.246383 2128.308480 4429.064578 2077.281360 -117.538714 2820.028746 2491.189122 2035.078256 -813.979488 -2545.851775 -1704.217763 -2922.014128 1380.274658 658.885929 6427.777673 -1255.171116 -1886.895955 4506.867575 1563.785692 556.222750 
-1928.791783 -4701.631737 1903.042016 796.059639 286.780488 -4525.959226 -3404.340620 -4821.132221 -1892.101383 8532.240676 -902.167931 9409.403398 -1328.476379 1175.416136 -30.258731 1017.262648 6500.023814 -3432.637172 1117.910655 4688.559102 2128.767305 4429.126813 2077.134464 -118.525906 2819.656126 2491.155352 2036.005625 -813.092004 -2545.532429 -1704.550015 -2921.585707 1380.626930 658.053847 6427.231904 -1254.636311 -1886.250883 4506.710920 1564.652478 556.696185 
-1927.987805 -4701.682335 1903.634518 796.122699 287.620596 -4525.420485 -3403.844996 -4821.721630 -1891.463453 8532.187062 -902.168938 9410.401959 -1328.520956 1175.205160 -31.235206 1017.534419 6499.061776 -3432.612200 1117.908506 4687.587179 2128.532016 4428.165412 2076.972502 -118.748336 2819.449224 2492.132072 2035.948978 -812.604745 -2544.850113 -1705.095013 -2921.624817 1379.641670 657.887315 6428.037630 -1254.167124 -1885.889400 4507.118762 1565.540572 556.484165 
-1927.934621 -4702.058518 1902.709500 795.886364 287.676294 -4526.390559 -3404.534153 -4822.124727 -1892.065595 8531.414083 -901.707656 9410.837531 -1328.600188 1174.448722 -30.585957 1018.451662 6498.721737 -3432.819657 1116.965654 4687.256210 2128.570624 4428.069292 2077.315692 -117.814001 2820.396031 2492.389188 2036.142492 -813.124850 -2545.346526 -1705.790042 -2921.046680 1379.996649 658.621991 6427.322302 -1253.499069 -1885.684440 4506.182899 1565.495270 556.833604 
-1927.895643 -4701.067214 1902.835193 795.967960 288.513605 -4525.849956 -3404.057522 -4822.713236 -1891.412541 8531.437640 -901.700222 9409.837836 -1327.623468 1174.358876 -30.780754 1017.719549 6498.414022 -3433.427376 1116.719211 4686.654527 2127.810860 4427.994851 2076.422982 -117.369560 2821.268376 2492.398225 2036.631300 -812.325908 -2545.663110 -1706.301380 -2920.327735 1379.621865 658.036623 6427.496891 -1253.434871 -1884.701894 4506.078055 1565.002206 555.969952 
-1928.425818 -4701.408138 1902.058865 796.897580 288.284247 -4525.561509 -3404.391503 -4823.524060 -1891.893187 8530.533539 -901.796702 9409.421550 -1327.613377 1174.967298 -29.987205 1017.966676 6497.943211 -3434.274291 1117.580942 4686.472843 2128.284580 4427.352465 2076.028961 -116.712226 2822.201575 2492.750696 2036.701326 -811.479585 -2546.003759 -1706.710886 -2919.580197 1378.962108 657.959763 6427.757636 -1253.546041 -1883.742909 4506.049864 1564.473628 555.121535 
-1927.913117 -4702.096322 1901.545504 796.745277 289.173801 -4525.992202 -3404.584150 -4823.443077 -1890.915267 8529.702868 -902.349653 9409.356509 -1327.490683 1174.835326 -29.003574 1018.332977 6497.469150 -3433.473611 1117.103349 4685.667658 2128.636124 4427.244316 2075.691192 -115.777231 2822.188868 2493.342142 2035.895082 -810.552887 -2545.632695 -1706.770414 -2919.483352 1379.758369 658.556914 6428.652412 -1253.317692 -1884.126619 4505.866692 1563.972720 555.967430 
-1927.117949 -4702.463033 1902.028445 796.086497 289.911438 -4526.140190 -3405.564730 -4823.591576 -1891.043375 8528.952098 -902.874670 9409.757386 -1327.389408 1175.760314 -28.637321 1018.701007 6498.362728 -3433.730657 1117.803204 4685.714065 2129.348900 4427.712433 2074.853633 -115.495519 2822.897829 2493.549848 2036.569050 -810.244149 -2544.685942 -1706.679095 -2919.352238 1380.626653 659.035341 6428.126092 -1252.639193 -1884.639089 4504.947157 1564.053945 556.351953 
-1927.384055 -4703.009335 1902.822637 796.058526 289.379695 -4525.293746 -3406.275493 -4823.962533 -1891.641043 8528.660117 -902.387340 9410.580342 -1326.947015 1175.608351 -29.521173 1019.421465 6498.549529 -3433.062791 1117.763728 4684.912574 2129.945602 4428.167247 2075.712703 -115.260693 2822.616527 2494.298010 2035.968115 -809.501710 -2544.992986 -1706.083689 -2920.177801 1380.844052 659.556093 6427.533241 -1252.113024 -1885.248740 4504.330164 1563.427609 555.875483 
-1927.508422 -4703.457921 1903.707681 796.199086 288.499910 -4524.839632 -3407.270805 -4824.002394 -1891.729162 8529.300383 -902.686615 9411.287798 -1326.319942 1174.866648 -29.759200 1018.885809 6497.796800 -3432.680078 1117.478088 4684.731059 2129.004612 4428.129826 2075.414777 -116.214548 2821.624571 2494.424051 2035.956416 -809.499510 -2544.616205 -1705.157389 -2920.671620 1380.921196 660.422229 6426.708716 -1252.625640 -1885.009194 4504.102773 1564.301884 555.446606 
